ImageID	Name	Class	Race	Type	Gamble_Cost	Rank1	Rank2	Rank3				
11	한손검	1		0	100	80	17	3				
10	한손도끼	1		1	100	80	17	3				
4	한손둔기	1		2	100	80	17	3				
494	양손검	1		4	100	80	17	3				
13	한손둔기	1		8	100	80	17	3				
1	활	2		10	100	80	17	3				
6	석궁	2	1;2	11	100	80	17	3				
12	스태프	4		14	100	80	17	3				
9	완드	4	1;2	16	100	80	17	3				
2727	카타리아	2	3	18	100	80	17	3				
2711	차크람	4	3	19	100	80	17	3				
8	실드	1			50	80	17	3				
325	나이트헬멧	1	1		20	80	17	3				
324	나이트아머	1	1		70	80	17	3				
327	나이트글로브	1	1		30	80	17	3				
328	나이트그리브	1	1		50	80	17	3			
329	나이트부츠	1	1		30	80	17	3			
343	아처헬멧	2	1		20	80	17	3			
342	아처아머	2	1		70	80	17	3			
345	아처글로브	2	1		30	80	17	3			
346	아처그리브	2	1		50	80	17	3			
347	아처부츠	2	1		30	80	17	3			
667	메이지헬멧	4	1		20	80	17	3			
666	메이지아머	4	1		70	80	17	3			
669	메이지글로브	4	1		30	80	17	3			
670	메이지그리브	4	1		50	80	17	3			
671	메이지부츠	4	1		30	80	17	3			
173	버서커헬멧	1	2		20	80	17	3			
172	버서커아머	1	2		70	80	17	3			
175	버서커글로브	1	2		30	80	17	3			
176	버서커그리브	1	2		50	80	17	3			
177	버서커부츠	1	2		30	80	17	3			
691	헌터헬멧	2	2		20	80	17	3			
690	헌터아머	2	2		70	80	17	3			
693	헌터글로브	2	2		30	80	17	3			
694	헌터그리브	2	2		50	80	17	3			
695	헌터부츠	2	2		30	80	17	3			
385	소서러헬멧	4	2		20	80	17	3			
384	소서러아머	4	2		70	80	17	3			
387	소서러글로브	4	2		30	80	17	3			
388	소서러그리브	4	2		50	80	17	3			
389	소서러부츠	4	2		30	80	17	3			
2959	레인저헬멧	2	3		20	80	17	3			
2843	레인저아머	2	3		70	80	17	3			
2845	레인저글로브	2	3		30	80	17	3			
2846	레인저그리브	2	3		50	80	17	3			
2847	레인저부츠	2	3		30	80	17	3			
2958	엘리멘탈리스트헬멧	4	3		20	80	17	3			
2838	엘리멘탈리스트아머	4	3		70	80	17	3			
2840	엘리멘탈리스트글로브	4	3		30	80	17	3			
2841	엘리멘탈리스트그리브	4	3		50	80	17	3			
2842	엘리멘탈리스트부츠	4	3		30	80	17	3			
214	반지				10	100	0	0			
196	목걸이				10	100	0	0			
											
											
											
											
											
											
											
											
											
											
											
											
											
											
											
											
											
											
											
											
											
											
											
											
											
											
											
											
											
											
											
											
											
											
											
											
											
											
											
											
											
												
												
												
												
												
												
												
												
												
												
												
												
												
												
												
												
												
												
												
												
												
												
												
												
												
												
												
												
												
												
												
												
											
											
											
											
											
											
											
											
											
											
											
