96																			
LV	STR	Dex	CON	WIS	INT	CHA	MAX HP	MAX MP	MAX SP	MAX AC	MAX AR	MAX DR	FIRE	WATER	EARTH	AIR	MAGIC	MIN DMG	MAX DMG
1	17	12	15	6	6	0	120	32	65	3	0	0	0	0	0	0	0	0	0
2	18	13	16	6	7	0	128	32	70	3	0	0	0	0	0	0	0	0	0
3	20	14	17	7	7	0	136	38	75	3	0	0	0	0	0	0	0	0	0
4	21	15	18	7	8	0	144	38	81	3	0	0	0	0	0	0	0	0	0
5	22	16	19	7	8	0	152	38	86	3	0	0	0	0	0	0	0	0	0
6	24	18	20	8	9	0	160	43	97	3	0	0	0	0	0	0	0	0	0
7	26	19	21	8	10	0	168	43	102	3	0	0	0	0	0	0	0	0	0
8	28	21	23	9	10	0	184	48	113	3	0	0	0	0	0	0	0	0	0
9	30	22	24	9	11	0	192	48	118	3	0	0	0	0	0	0	0	0	0
10	32	24	26	10	12	0	208	54	129	3	0	0	0	0	0	0	0	0	0
11	34	26	28	10	13	0	224	54	140	3	0	0	0	0	0	0	0	0	0
12	36	28	29	11	14	0	232	59	151	3	0	0	0	0	0	0	0	0	0
13	39	30	31	11	15	0	248	59	162	3	0	0	0	0	0	0	0	0	0
14	41	32	33	12	16	0	264	65	172	3	0	0	0	0	0	0	0	0	0
15	44	34	35	12	17	0	280	65	183	3	0	0	0	0	0	0	0	0	0
16	46	36	37	13	18	0	296	70	194	4	0	0	0	0	0	0	0	0	0
17	49	38	39	14	20	0	312	75	205	4	0	0	0	0	0	0	0	0	0
18	52	41	41	14	21	0	328	75	221	4	0	0	0	0	0	0	0	0	0
19	55	43	43	15	22	0	344	81	232	4	0	0	0	0	0	0	0	0	0
20	58	46	45	16	23	0	360	86	248	4	0	0	0	0	0	0	0	0	0
21	61	48	47	17	24	0	376	92	258	4	0	0	0	0	0	0	0	0	0
22	64	51	50	17	26	0	400	92	275	4	0	0	0	0	0	0	0	0	0
23	67	53	52	18	27	0	416	97	285	4	0	0	0	0	0	0	0	0	0
24	70	56	55	19	28	0	440	102	302	4	0	0	0	0	0	0	0	0	0
25	73	59	57	20	30	0	456	108	318	4	0	0	0	0	0	0	0	0	0
26	77	61	59	20	31	0	472	108	328	4	0	0	0	0	0	0	0	0	0
27	80	64	62	21	33	0	496	113	345	4	0	0	0	0	0	0	0	0	0
28	84	67	65	22	34	0	520	118	361	4	0	0	0	0	0	0	0	0	0
29	87	70	67	23	36	0	536	124	377	4	0	0	0	0	0	0	0	0	0
30	91	73	70	24	37	0	560	129	393	4	0	0	0	0	0	0	0	0	0
31	94	76	73	25	39	0	584	135	409	4	0	0	0	0	0	0	0	0	0
32	98	79	75	26	40	0	600	140	425	4	0	0	0	0	0	0	0	0	0
33	102	82	78	26	42	0	624	140	442	4	0	0	0	0	0	0	0	0	0
34	106	85	81	27	43	0	648	145	458	4	0	0	0	0	0	0	0	0	0
35	110	88	84	28	45	0	672	151	474	4	0	0	0	0	0	0	0	0	0
36	114	92	87	29	47	0	696	156	495	4	0	0	0	0	0	0	0	0	0
37	117	95	90	30	48	0	720	162	512	4	0	0	0	0	0	0	0	0	0
38	121	98	93	31	50	0	744	167	528	4	0	0	0	0	0	0	0	0	0
39	126	101	96	32	52	0	768	172	544	4	0	0	0	0	0	0	0	0	0
40	130	105	99	33	54	0	792	178	565	5	0	0	0	0	0	0	0	0	0
41	134	108	102	34	55	0	816	183	582	5	0	0	0	0	0	0	0	0	0
42	138	112	105	35	57	0	840	188	603	5	0	0	0	0	0	0	0	0	0
43	142	115	108	36	59	0	864	194	619	5	0	0	0	0	0	0	0	0	0
44	147	119	111	37	61	0	888	199	641	5	0	0	0	0	0	0	0	0	0
45	151	122	115	38	63	0	920	205	657	5	0	0	0	0	0	0	0	0	0
46	155	126	118	39	64	0	944	210	678	5	0	0	0	0	0	0	0	0	0
47	160	130	121	40	66	0	968	215	700	5	0	0	0	0	0	0	0	0	0
48	164	133	125	42	68	0	1000	226	716	5	0	0	0	0	0	0	0	0	0
49	169	137	128	43	70	0	1024	232	738	5	0	0	0	0	0	0	0	0	0
50	173	141	131	44	72	0	1048	237	759	5	0	0	0	0	0	0	0	0	0
51	178	145	135	45	74	0	1080	242	781	5	0	0	0	0	0	0	0	0	0
52	183	149	138	46	76	0	1104	248	802	5	0	0	0	0	0	0	0	0	0
53	187	152	142	47	78	0	1136	253	818	5	0	0	0	0	0	0	0	0	0
54	192	156	145	48	80	0	1160	258	840	5	0	0	0	0	0	0	0	0	0
55	197	160	149	49	82	0	1192	264	862	5	0	0	0	0	0	0	0	0	0
56	202	164	152	51	84	0	1216	275	883	5	0	0	0	0	0	0	0	0	0
57	207	168	156	52	86	0	1248	280	905	5	0	0	0	0	0	0	0	0	0
58	212	172	160	53	88	0	1280	285	926	5	0	0	0	0	0	0	0	0	0
59	217	176	163	54	90	0	1304	291	948	6	0	0	0	0	0	0	0	0	0
60	221	181	167	55	92	0	1336	296	975	6	0	0	0	0	0	0	0	0	0
61	227	185	171	57	94	0	1368	307	996	6	0	0	0	0	0	0	0	0	0
62	232	189	175	58	97	0	1400	312	1018	6	0	0	0	0	0	0	0	0	0
63	237	193	178	59	99	0	1424	318	1039	6	0	0	0	0	0	0	0	0	0
64	242	197	182	60	101	0	1456	323	1061	6	0	0	0	0	0	0	0	0	0
65	247	202	186	61	103	0	1488	328	1088	6	0	0	0	0	0	0	0	0	0
66	252	206	190	63	105	0	1520	339	1109	6	0	0	0	0	0	0	0	0	0
67	258	210	194	64	108	0	1552	345	1131	6	0	0	0	0	0	0	0	0	0
68	263	215	198	65	110	0	1584	350	1158	6	0	0	0	0	0	0	0	0	0
69	268	219	202	67	112	0	1616	361	1179	6	0	0	0	0	0	0	0	0	0
70	273	223	206	68	114	0	1648	366	1201	6	0	0	0	0	0	0	0	0	0
71	279	228	210	69	117	0	1680	372	1228	6	0	0	0	0	0	0	0	0	0
72	284	232	214	70	119	0	1712	377	1249	6	0	0	0	0	0	0	0	0	0
73	290	237	218	72	121	0	1744	388	1276	6	0	0	0	0	0	0	0	0	0
74	295	241	222	73	123	0	1776	393	1298	6	0	0	0	0	0	0	0	0	0
75	301	246	226	74	126	0	1808	398	1325	7	0	0	0	0	0	0	0	0	0
76	306	251	230	76	128	0	1840	409	1352	7	0	0	0	0	0	0	0	0	0
77	312	255	234	77	131	0	1872	415	1373	7	0	0	0	0	0	0	0	0	0
78	318	260	239	79	133	0	1912	425	1400	7	0	0	0	0	0	0	0	0	0
79	323	265	243	80	135	0	1944	431	1427	7	0	0	0	0	0	0	0	0	0
80	329	269	247	81	138	0	1976	436	1448	7	0	0	0	0	0	0	0	0	0
81	335	274	251	83	140	0	2008	447	1475	7	0	0	0	0	0	0	0	0	0
82	341	279	256	84	143	0	2048	452	1502	7	0	0	0	0	0	0	0	0	0
83	346	284	260	85	145	0	2080	458	1529	7	0	0	0	0	0	0	0	0	0
84	352	288	264	87	148	0	2112	468	1551	7	0	0	0	0	0	0	0	0	0
85	358	293	269	88	150	0	2152	474	1578	7	0	0	0	0	0	0	0	0	0
86	364	298	273	90	153	0	2184	485	1605	7	0	0	0	0	0	0	0	0	0
87	370	303	278	91	155	0	2224	490	1632	7	0	0	0	0	0	0	0	0	0
88	376	308	282	93	158	0	2256	501	1658	7	0	0	0	0	0	0	0	0	0
89	382	313	287	94	160	0	2296	506	1685	7	0	0	0	0	0	0	0	0	0
90	388	318	291	96	163	0	2328	517	1712	8	0	0	0	0	0	0	0	0	0
91	394	323	296	97	165	0	2368	522	1739	8	0	0	0	0	0	0	0	0	0
92	400	328	300	98	168	0	2400	528	1766	8	0	0	0	0	0	0	0	0	0
93	406	333	305	100	170	0	2440	538	1793	8	0	0	0	0	0	0	0	0	0
94	413	338	309	101	173	0	2472	544	1820	8	0	0	0	0	0	0	0	0	0
95	419	343	314	103	176	0	2512	555	1847	8	0	0	0	0	0	0	0	0	0
96	425	348	318	104	178	0	2544	560	1874	8	0	0	0	0	0	0	0	0	0
97	431	353	323	106	181	0	2584	571	1901	8	0	0	0	0	0	0	0	0	0
98	438	359	328	107	184	0	2624	576	1933	8	0	0	0	0	0	0	0	0	0
99	444	364	333	109	186	0	2664	587	1960	8	0	0	0	0	0	0	0	0	0
100	450	369	337	111	189	0	2696	598	1987	8	0	0	0	0	0	0	0	0	0
101	457	374	342	112	192	0	2736	603	2014	8	0	0	0	0	0	0	0	0	0
102	463	380	347	114	194	0	2776	614	2046	8	0	0	0	0	0	0	0	0	0
103	470	385	352	115	197	0	2816	619	2073	9	0	0	0	0	0	0	0	0	0
104	476	390	356	117	200	0	2848	630	2100	9	0	0	0	0	0	0	0	0	0
105	483	396	361	118	203	0	2888	635	2132	9	0	0	0	0	0	0	0	0	0
106	489	401	366	120	205	0	2928	646	2159	9	0	0	0	0	0	0	0	0	0
107	496	406	371	121	208	0	2968	652	2186	9	0	0	0	0	0	0	0	0	0
108	502	412	376	123	211	0	3008	662	2218	9	0	0	0	0	0	0	0	0	0
109	509	417	381	125	214	0	3048	673	2245	9	0	0	0	0	0	0	0	0	0
110	515	423	386	126	216	0	3088	678	2278	9	0	0	0	0	0	0	0	0	0
111	522	428	391	128	219	0	3128	689	2305	9	0	0	0	0	0	0	0	0	0
112	529	434	396	129	222	0	3168	695	2337	9	0	0	0	0	0	0	0	0	0
113	536	439	401	131	225	0	3208	705	2364	9	0	0	0	0	0	0	0	0	0
114	542	445	406	133	228	0	3248	716	2396	9	0	0	0	0	0	0	0	0	0
115	549	451	411	134	231	0	3288	722	2428	9	0	0	0	0	0	0	0	0	0
116	556	456	416	136	233	0	3328	732	2455	10	0	0	0	0	0	0	0	0	0
117	563	462	421	138	236	0	3368	743	2488	10	0	0	0	0	0	0	0	0	0
118	570	467	426	139	239	0	3408	748	2515	10	0	0	0	0	0	0	0	0	0
119	577	473	431	141	242	0	3448	759	2547	10	0	0	0	0	0	0	0	0	0
120	583	479	436	143	245	0	3488	770	2579	10	0	0	0	0	0	0	0	0	0
121	590	485	441	144	248	0	3528	775	2612	10	0	0	0	0	0	0	0	0	0
1																			
LV	STR	Dex	CON	WIS	INT	CHA	MAX HP	MAX MP	MAX SP	MAX AC	MAX AR	MAX DR	FIRE	WATER	EARTH	AIR	MAGIC	MIN DMG	MAX DMG
1	11	17	10	9	9	0	80	48	92	2	0	0	0	0	0	0	0	0	0
2	12	18	11	9	9	0	88	48	97	2	0	0	0	0	0	0	0	0	0
3	13	19	12	10	10	0	96	54	102	2	0	0	0	0	0	0	0	0	0
4	14	21	12	10	10	0	96	54	113	2	0	0	0	0	0	0	0	0	0
5	15	22	13	10	11	0	104	54	118	2	0	0	0	0	0	0	0	0	0
6	16	24	14	11	11	0	112	59	129	2	0	0	0	0	0	0	0	0	0
7	18	26	15	11	12	0	120	59	140	2	0	0	0	0	0	0	0	0	0
8	19	28	17	12	13	0	136	65	151	2	0	0	0	0	0	0	0	0	0
9	20	30	18	12	13	0	144	65	162	2	0	0	0	0	0	0	0	0	0
10	22	32	19	13	14	0	152	70	172	2	0	0	0	0	0	0	0	0	0
11	24	34	21	13	15	0	168	70	183	2	0	0	0	0	0	0	0	0	0
12	25	36	22	14	16	0	176	75	194	2	0	0	0	0	0	0	0	0	0
13	27	38	23	14	16	0	184	75	205	2	0	0	0	0	0	0	0	0	0
14	29	41	25	15	17	0	200	81	221	2	0	0	0	0	0	0	0	0	0
15	31	44	27	15	18	0	216	81	237	2	0	0	0	0	0	0	0	0	0
16	33	46	28	16	19	0	224	86	248	3	0	0	0	0	0	0	0	0	0
17	35	49	30	17	20	0	240	92	264	3	0	0	0	0	0	0	0	0	0
18	37	52	32	17	21	0	256	92	280	3	0	0	0	0	0	0	0	0	0
19	39	55	34	18	22	0	272	97	296	3	0	0	0	0	0	0	0	0	0
20	41	57	35	19	23	0	280	102	307	3	0	0	0	0	0	0	0	0	0
21	44	60	37	20	24	0	296	108	323	3	0	0	0	0	0	0	0	0	0
22	46	64	39	20	25	0	312	108	345	3	0	0	0	0	0	0	0	0	0
23	48	67	41	21	26	0	328	113	361	3	0	0	0	0	0	0	0	0	0
24	51	70	43	22	27	0	344	118	377	3	0	0	0	0	0	0	0	0	0
25	53	73	45	23	28	0	360	124	393	3	0	0	0	0	0	0	0	0	0
26	56	77	47	23	29	0	376	124	415	3	0	0	0	0	0	0	0	0	0
27	58	80	49	24	31	0	392	129	431	3	0	0	0	0	0	0	0	0	0
28	61	83	52	25	32	0	416	135	447	3	0	0	0	0	0	0	0	0	0
29	64	87	54	26	33	0	432	140	468	3	0	0	0	0	0	0	0	0	0
30	66	90	56	27	34	0	448	145	485	3	0	0	0	0	0	0	0	0	0
31	69	94	58	28	35	0	464	151	506	3	0	0	0	0	0	0	0	0	0
32	72	98	61	29	37	0	488	156	528	3	0	0	0	0	0	0	0	0	0
33	75	101	63	29	38	0	504	156	544	3	0	0	0	0	0	0	0	0	0
34	77	105	65	30	39	0	520	162	565	3	0	0	0	0	0	0	0	0	0
35	80	109	68	31	41	0	544	167	587	3	0	0	0	0	0	0	0	0	0
36	83	113	70	32	42	0	560	172	608	3	0	0	0	0	0	0	0	0	0
37	86	117	73	33	43	0	584	178	630	3	0	0	0	0	0	0	0	0	0
38	89	121	75	34	45	0	600	183	652	3	0	0	0	0	0	0	0	0	0
39	92	125	78	35	46	0	624	188	673	3	0	0	0	0	0	0	0	0	0
40	95	129	80	36	48	0	640	194	695	4	0	0	0	0	0	0	0	0	0
41	98	133	83	37	49	0	664	199	716	4	0	0	0	0	0	0	0	0	0
42	102	137	85	38	50	0	680	205	738	4	0	0	0	0	0	0	0	0	0
43	105	142	88	39	52	0	704	210	765	4	0	0	0	0	0	0	0	0	0
44	108	146	91	40	53	0	728	215	786	4	0	0	0	0	0	0	0	0	0
45	111	150	93	41	55	0	744	221	808	4	0	0	0	0	0	0	0	0	0
46	115	155	96	42	56	0	768	226	835	4	0	0	0	0	0	0	0	0	0
47	118	159	99	43	58	0	792	232	856	4	0	0	0	0	0	0	0	0	0
48	121	164	102	45	59	0	816	242	883	4	0	0	0	0	0	0	0	0	0
49	125	168	105	46	61	0	840	248	905	4	0	0	0	0	0	0	0	0	0
50	128	173	107	47	62	0	856	253	932	4	0	0	0	0	0	0	0	0	0
51	132	177	110	48	64	0	880	258	953	4	0	0	0	0	0	0	0	0	0
52	135	182	113	49	66	0	904	264	980	4	0	0	0	0	0	0	0	0	0
53	139	187	116	50	67	0	928	269	1007	4	0	0	0	0	0	0	0	0	0
54	142	191	119	51	69	0	952	275	1028	4	0	0	0	0	0	0	0	0	0
55	146	196	122	52	70	0	976	280	1055	4	0	0	0	0	0	0	0	0	0
56	149	201	125	54	72	0	1000	291	1082	4	0	0	0	0	0	0	0	0	0
57	153	206	128	55	74	0	1024	296	1109	4	0	0	0	0	0	0	0	0	0
58	157	211	131	56	75	0	1048	302	1136	4	0	0	0	0	0	0	0	0	0
59	160	215	134	57	77	0	1072	307	1158	5	0	0	0	0	0	0	0	0	0
60	164	220	137	58	79	0	1096	312	1185	5	0	0	0	0	0	0	0	0	0
61	168	225	141	60	81	0	1128	323	1212	5	0	0	0	0	0	0	0	0	0
62	172	231	144	61	82	0	1152	328	1244	5	0	0	0	0	0	0	0	0	0
63	175	236	147	62	84	0	1176	334	1271	5	0	0	0	0	0	0	0	0	0
64	179	241	150	63	86	0	1200	339	1298	5	0	0	0	0	0	0	0	0	0
65	183	246	153	64	88	0	1224	345	1325	5	0	0	0	0	0	0	0	0	0
66	187	251	157	66	89	0	1256	355	1352	5	0	0	0	0	0	0	0	0	0
67	191	256	160	67	91	0	1280	361	1378	5	0	0	0	0	0	0	0	0	0
68	195	262	163	68	93	0	1304	366	1411	5	0	0	0	0	0	0	0	0	0
69	199	267	166	70	95	0	1328	377	1438	5	0	0	0	0	0	0	0	0	0
70	203	272	170	71	97	0	1360	382	1465	5	0	0	0	0	0	0	0	0	0
71	207	278	173	72	98	0	1384	388	1497	5	0	0	0	0	0	0	0	0	0
72	211	283	177	73	100	0	1416	393	1524	5	0	0	0	0	0	0	0	0	0
73	215	288	180	75	102	0	1440	404	1551	5	0	0	0	0	0	0	0	0	0
74	219	294	183	76	104	0	1464	409	1583	5	0	0	0	0	0	0	0	0	0
75	224	299	187	77	106	0	1496	415	1610	5	0	0	0	0	0	0	0	0	0
76	228	305	190	79	108	0	1520	425	1642	5	0	0	0	0	0	0	0	0	0
77	232	311	194	80	110	0	1552	431	1675	5	0	0	0	0	0	0	0	0	0
78	236	316	197	82	112	0	1576	442	1702	5	0	0	0	0	0	0	0	0	0
79	240	322	201	83	114	0	1608	447	1734	5	0	0	0	0	0	0	0	0	0
80	245	328	204	84	116	0	1632	452	1766	5	0	0	0	0	0	0	0	0	0
81	249	333	208	86	118	0	1664	463	1793	5	0	0	0	0	0	0	0	0	0
82	253	339	212	87	120	0	1696	468	1825	5	0	0	0	0	0	0	0	0	0
83	258	345	215	88	122	0	1720	474	1858	5	0	0	0	0	0	0	0	0	0
84	262	351	219	90	124	0	1752	485	1890	5	0	0	0	0	0	0	0	0	0
85	266	357	223	91	126	0	1784	490	1922	5	0	0	0	0	0	0	0	0	0
86	271	362	226	93	128	0	1808	501	1949	5	0	0	0	0	0	0	0	0	0
87	275	368	230	94	130	0	1840	506	1982	5	0	0	0	0	0	0	0	0	0
88	280	374	234	96	132	0	1872	517	2014	5	0	0	0	0	0	0	0	0	0
89	284	380	237	97	134	0	1896	522	2046	5	0	0	0	0	0	0	0	0	0
90	289	386	241	99	136	0	1928	533	2078	6	0	0	0	0	0	0	0	0	0
91	293	392	245	100	138	0	1960	538	2111	6	0	0	0	0	0	0	0	0	0
92	298	398	249	101	140	0	1992	544	2143	6	0	0	0	0	0	0	0	0	0
93	303	405	253	103	142	0	2024	555	2181	6	0	0	0	0	0	0	0	0	0
94	307	411	257	104	144	0	2056	560	2213	6	0	0	0	0	0	0	0	0	0
95	312	417	260	106	146	0	2080	571	2245	6	0	0	0	0	0	0	0	0	0
96	317	423	264	107	148	0	2112	576	2278	6	0	0	0	0	0	0	0	0	0
97	321	429	268	109	151	0	2144	587	2310	6	0	0	0	0	0	0	0	0	0
98	326	436	272	110	153	0	2176	592	2348	6	0	0	0	0	0	0	0	0	0
99	331	442	276	112	155	0	2208	603	2380	6	0	0	0	0	0	0	0	0	0
100	335	448	280	114	157	0	2240	614	2412	6	0	0	0	0	0	0	0	0	0
101	340	454	284	115	159	0	2272	619	2445	6	0	0	0	0	0	0	0	0	0
102	345	461	288	117	161	0	2304	630	2482	6	0	0	0	0	0	0	0	0	0
103	350	467	292	118	164	0	2336	635	2515	7	0	0	0	0	0	0	0	0	0
104	355	474	296	120	166	0	2368	646	2552	7	0	0	0	0	0	0	0	0	0
105	360	480	300	121	168	0	2400	652	2585	7	0	0	0	0	0	0	0	0	0
106	364	487	304	123	170	0	2432	662	2622	7	0	0	0	0	0	0	0	0	0
107	369	493	308	124	173	0	2464	668	2655	7	0	0	0	0	0	0	0	0	0
108	374	500	312	126	175	0	2496	678	2692	7	0	0	0	0	0	0	0	0	0
109	379	506	316	128	177	0	2528	689	2725	7	0	0	0	0	0	0	0	0	0
110	384	513	321	129	179	0	2568	695	2762	7	0	0	0	0	0	0	0	0	0
111	389	520	325	131	182	0	2600	705	2800	7	0	0	0	0	0	0	0	0	0
112	394	526	329	132	184	0	2632	711	2832	7	0	0	0	0	0	0	0	0	0
113	399	533	333	134	186	0	2664	722	2870	7	0	0	0	0	0	0	0	0	0
114	404	540	337	136	189	0	2696	732	2908	7	0	0	0	0	0	0	0	0	0
115	409	546	342	137	191	0	2736	738	2940	7	0	0	0	0	0	0	0	0	0
116	415	553	346	139	193	0	2768	748	2978	8	0	0	0	0	0	0	0	0	0
117	420	560	350	141	196	0	2800	759	3015	8	0	0	0	0	0	0	0	0	0
118	425	567	354	142	198	0	2832	765	3053	8	0	0	0	0	0	0	0	0	0
119	430	574	359	144	200	0	2872	775	3091	8	0	0	0	0	0	0	0	0	0
120	435	581	363	146	203	0	2904	786	3128	8	0	0	0	0	0	0	0	0	0
121	440	588	367	147	205	0	2936	792	3166	8	0	0	0	0	0	0	0	0	0
6																			
LV	STR	Dex	CON	WIS	INT	CHA	MAX HP	MAX MP	MAX SP	MAX AC	MAX AR	MAX DR	FIRE	WATER	EARTH	AIR	MAGIC	MIN DMG	MAX DMG
1	8	7	10	15	16	0	80	81	38	2	0	0	0	0	0	0	0	0	0
2	9	8	11	16	16	0	88	86	43	2	0	0	0	0	0	0	0	0	0
3	10	9	11	17	18	0	88	92	48	2	0	0	0	0	0	0	0	0	0
4	11	9	12	18	19	0	96	97	48	2	0	0	0	0	0	0	0	0	0
5	12	10	13	20	20	0	104	108	54	2	0	0	0	0	0	0	0	0	0
6	13	11	14	21	22	0	112	113	59	2	0	0	0	0	0	0	0	0	0
7	14	13	15	23	24	0	120	124	70	2	0	0	0	0	0	0	0	0	0
8	16	14	16	24	26	0	128	129	75	2	0	0	0	0	0	0	0	0	0
9	17	15	17	26	28	0	136	140	81	2	0	0	0	0	0	0	0	0	0
10	19	17	18	28	30	0	144	151	92	2	0	0	0	0	0	0	0	0	0
11	20	18	19	30	32	0	152	162	97	2	0	0	0	0	0	0	0	0	0
12	22	19	20	32	35	0	160	172	102	2	0	0	0	0	0	0	0	0	0
13	24	21	21	34	37	0	168	183	113	2	0	0	0	0	0	0	0	0	0
14	25	23	23	36	40	0	184	194	124	2	0	0	0	0	0	0	0	0	0
15	27	24	24	39	42	0	192	210	129	2	0	0	0	0	0	0	0	0	0
16	29	26	25	41	45	0	200	221	140	2	0	0	0	0	0	0	0	0	0
17	31	28	27	43	48	0	216	232	151	2	0	0	0	0	0	0	0	0	0
18	33	30	28	46	50	0	224	248	162	2	0	0	0	0	0	0	0	0	0
19	35	31	30	49	53	0	240	264	167	2	0	0	0	0	0	0	0	0	0
20	37	33	32	51	56	0	256	275	178	2	0	0	0	0	0	0	0	0	0
21	39	35	33	54	59	0	264	291	188	2	0	0	0	0	0	0	0	0	0
22	42	37	35	57	63	0	280	307	199	2	0	0	0	0	0	0	0	0	0
23	44	39	36	59	66	0	288	318	210	2	0	0	0	0	0	0	0	0	0
24	46	41	38	62	69	0	304	334	221	2	0	0	0	0	0	0	0	0	0
25	49	44	40	65	72	0	320	350	237	2	0	0	0	0	0	0	0	0	0
26	51	46	42	68	76	0	336	366	248	2	0	0	0	0	0	0	0	0	0
27	54	48	43	71	79	0	344	382	258	2	0	0	0	0	0	0	0	0	0
28	56	50	45	74	83	0	360	398	269	2	0	0	0	0	0	0	0	0	0
29	59	53	47	77	86	0	376	415	285	2	0	0	0	0	0	0	0	0	0
30	61	55	49	81	90	0	392	436	296	2	0	0	0	0	0	0	0	0	0
31	64	57	51	84	94	0	408	452	307	2	0	0	0	0	0	0	0	0	0
32	66	60	53	87	98	0	424	468	323	2	0	0	0	0	0	0	0	0	0
33	69	62	55	90	101	0	440	485	334	2	0	0	0	0	0	0	0	0	0
34	72	65	57	94	105	0	456	506	350	2	0	0	0	0	0	0	0	0	0
35	75	67	59	97	109	0	472	522	361	2	0	0	0	0	0	0	0	0	0
36	78	70	61	101	113	0	488	544	377	2	0	0	0	0	0	0	0	0	0
37	80	72	63	104	117	0	504	560	388	2	0	0	0	0	0	0	0	0	0
38	83	75	65	108	121	0	520	582	404	2	0	0	0	0	0	0	0	0	0
39	86	77	67	111	126	0	536	598	415	2	0	0	0	0	0	0	0	0	0
40	89	80	70	115	130	0	560	619	431	3	0	0	0	0	0	0	0	0	0
41	92	83	72	119	134	0	576	641	447	3	0	0	0	0	0	0	0	0	0
42	95	85	74	123	138	0	592	662	458	3	0	0	0	0	0	0	0	0	0
43	98	88	76	126	143	0	608	678	474	3	0	0	0	0	0	0	0	0	0
44	101	91	79	130	147	0	632	700	490	3	0	0	0	0	0	0	0	0	0
45	105	94	81	134	151	0	648	722	506	3	0	0	0	0	0	0	0	0	0
46	108	97	83	138	156	0	664	743	522	3	0	0	0	0	0	0	0	0	0
47	111	100	85	142	160	0	680	765	538	3	0	0	0	0	0	0	0	0	0
48	114	102	88	146	165	0	704	786	549	3	0	0	0	0	0	0	0	0	0
49	117	105	90	150	170	0	720	808	565	3	0	0	0	0	0	0	0	0	0
50	121	108	93	154	174	0	744	829	582	3	0	0	0	0	0	0	0	0	0
51	124	111	95	158	179	0	760	851	598	3	0	0	0	0	0	0	0	0	0
52	127	114	98	162	184	0	784	872	614	3	0	0	0	0	0	0	0	0	0
53	131	117	100	166	188	0	800	894	630	3	0	0	0	0	0	0	0	0	0
54	134	121	103	171	193	0	824	921	652	3	0	0	0	0	0	0	0	0	0
55	138	124	105	175	198	0	840	942	668	3	0	0	0	0	0	0	0	0	0
56	141	127	108	179	203	0	864	964	684	3	0	0	0	0	0	0	0	0	0
57	145	130	110	183	208	0	880	985	700	3	0	0	0	0	0	0	0	0	0
58	148	133	113	188	213	0	904	1012	716	3	0	0	0	0	0	0	0	0	0
59	152	136	115	192	218	0	920	1034	732	3	0	0	0	0	0	0	0	0	0
60	155	140	118	197	223	0	944	1061	754	3	0	0	0	0	0	0	0	0	0
61	159	143	121	201	228	0	968	1082	770	3	0	0	0	0	0	0	0	0	0
62	163	146	123	206	233	0	984	1109	786	3	0	0	0	0	0	0	0	0	0
63	166	149	126	210	239	0	1008	1131	802	3	0	0	0	0	0	0	0	0	0
64	170	153	129	215	244	0	1032	1158	824	3	0	0	0	0	0	0	0	0	0
65	174	156	132	219	249	0	1056	1179	840	3	0	0	0	0	0	0	0	0	0
66	178	159	134	224	255	0	1072	1206	856	3	0	0	0	0	0	0	0	0	0
67	181	163	137	229	260	0	1096	1233	878	3	0	0	0	0	0	0	0	0	0
68	185	166	140	233	265	0	1120	1255	894	3	0	0	0	0	0	0	0	0	0
69	189	170	143	238	271	0	1144	1282	915	3	0	0	0	0	0	0	0	0	0
70	193	173	146	243	276	0	1168	1308	932	3	0	0	0	0	0	0	0	0	0
71	197	177	148	248	282	0	1184	1335	953	3	0	0	0	0	0	0	0	0	0
72	201	180	151	253	287	0	1208	1362	969	3	0	0	0	0	0	0	0	0	0
73	205	184	154	257	293	0	1232	1384	991	3	0	0	0	0	0	0	0	0	0
74	209	187	157	262	298	0	1256	1411	1007	3	0	0	0	0	0	0	0	0	0
75	213	191	160	267	304	0	1280	1438	1028	4	0	0	0	0	0	0	0	0	0
76	217	195	163	272	310	0	1304	1465	1050	4	0	0	0	0	0	0	0	0	0
77	221	198	166	277	315	0	1328	1492	1066	4	0	0	0	0	0	0	0	0	0
78	225	202	169	282	321	0	1352	1518	1088	4	0	0	0	0	0	0	0	0	0
79	229	206	172	287	327	0	1376	1545	1109	4	0	0	0	0	0	0	0	0	0
80	233	209	175	292	333	0	1400	1572	1125	4	0	0	0	0	0	0	0	0	0
81	237	213	178	297	339	0	1424	1599	1147	4	0	0	0	0	0	0	0	0	0
82	241	217	181	303	345	0	1448	1632	1168	4	0	0	0	0	0	0	0	0	0
83	245	221	184	308	350	0	1472	1658	1190	4	0	0	0	0	0	0	0	0	0
84	250	224	187	313	356	0	1496	1685	1206	4	0	0	0	0	0	0	0	0	0
85	254	228	190	318	362	0	1520	1712	1228	4	0	0	0	0	0	0	0	0	0
86	258	232	194	323	368	0	1552	1739	1249	4	0	0	0	0	0	0	0	0	0
87	262	236	197	329	374	0	1576	1772	1271	4	0	0	0	0	0	0	0	0	0
88	267	240	200	334	381	0	1600	1798	1292	4	0	0	0	0	0	0	0	0	0
89	271	244	203	339	387	0	1624	1825	1314	4	0	0	0	0	0	0	0	0	0
90	275	248	206	345	393	0	1648	1858	1335	4	0	0	0	0	0	0	0	0	0
91	280	252	209	350	399	0	1672	1885	1357	4	0	0	0	0	0	0	0	0	0
92	284	255	213	356	405	0	1704	1917	1373	4	0	0	0	0	0	0	0	0	0
93	289	259	216	361	412	0	1728	1944	1395	4	0	0	0	0	0	0	0	0	0
94	293	263	219	366	418	0	1752	1971	1416	4	0	0	0	0	0	0	0	0	0
95	298	267	222	372	424	0	1776	2003	1438	4	0	0	0	0	0	0	0	0	0
96	302	272	226	378	430	0	1808	2035	1465	4	0	0	0	0	0	0	0	0	0
97	307	276	229	383	437	0	1832	2062	1486	4	0	0	0	0	0	0	0	0	0
98	311	280	232	389	443	0	1856	2095	1508	4	0	0	0	0	0	0	0	0	0
99	316	284	236	394	450	0	1888	2122	1529	4	0	0	0	0	0	0	0	0	0
100	320	288	239	400	456	0	1912	2154	1551	4	0	0	0	0	0	0	0	0	0
101	325	292	242	406	463	0	1936	2186	1572	4	0	0	0	0	0	0	0	0	0
102	329	296	246	411	469	0	1968	2213	1594	4	0	0	0	0	0	0	0	0	0
103	334	300	249	417	476	0	1992	2245	1615	5	0	0	0	0	0	0	0	0	0
104	339	305	253	423	482	0	2024	2278	1642	5	0	0	0	0	0	0	0	0	0
105	343	309	256	429	489	0	2048	2310	1664	5	0	0	0	0	0	0	0	0	0
106	348	313	260	434	496	0	2080	2337	1685	5	0	0	0	0	0	0	0	0	0
107	353	317	263	440	502	0	2104	2369	1707	5	0	0	0	0	0	0	0	0	0
108	358	322	267	446	509	0	2136	2402	1734	5	0	0	0	0	0	0	0	0	0
109	362	326	270	452	516	0	2160	2434	1755	5	0	0	0	0	0	0	0	0	0
110	367	330	274	458	522	0	2192	2466	1777	5	0	0	0	0	0	0	0	0	0
111	372	334	277	464	529	0	2216	2498	1798	5	0	0	0	0	0	0	0	0	0
112	377	339	281	470	536	0	2248	2531	1825	5	0	0	0	0	0	0	0	0	0
113	382	343	284	476	543	0	2272	2563	1847	5	0	0	0	0	0	0	0	0	0
114	387	348	288	482	550	0	2304	2595	1874	5	0	0	0	0	0	0	0	0	0
115	391	352	291	488	557	0	2328	2628	1895	5	0	0	0	0	0	0	0	0	0
116	396	356	295	494	564	0	2360	2660	1917	5	0	0	0	0	0	0	0	0	0
117	401	361	299	500	571	0	2392	2692	1944	5	0	0	0	0	0	0	0	0	0
118	406	365	302	506	578	0	2416	2725	1965	5	0	0	0	0	0	0	0	0	0
119	411	370	306	512	585	0	2448	2757	1992	5	0	0	0	0	0	0	0	0	0
120	416	374	309	518	592	0	2472	2789	2014	5	0	0	0	0	0	0	0	0	0
121	421	379	313	524	599	0	2504	2822	2041	5	0	0	0	0	0	0	0	0	0
4																			
LV	STR	Dex	CON	WIS	INT	CHA	MAX HP	MAX MP	MAX SP	MAX AC	MAX AR	MAX DR	FIRE	WATER	EARTH	AIR	MAGIC	MIN DMG	MAX DMG
1	18	11	14	6	7	0	112	32	59	3	0	0	0	0	0	0	0	0	0
2	19	12	15	6	8	0	120	32	65	3	0	0	0	0	0	0	0	0	0
3	20	13	16	6	8	0	128	32	70	3	0	0	0	0	0	0	0	0	0
4	22	14	17	7	9	0	136	38	75	3	0	0	0	0	0	0	0	0	0
5	24	15	18	7	9	0	144	38	81	3	0	0	0	0	0	0	0	0	0
6	26	16	19	7	10	0	152	38	86	3	0	0	0	0	0	0	0	0	0
7	28	18	20	7	11	0	160	38	97	3	0	0	0	0	0	0	0	0	0
8	30	19	21	8	12	0	168	43	102	3	0	0	0	0	0	0	0	0	0
9	33	21	23	8	13	0	184	43	113	3	0	0	0	0	0	0	0	0	0
10	35	22	24	8	14	0	192	43	118	3	0	0	0	0	0	0	0	0	0
11	38	24	26	9	15	0	208	48	129	3	0	0	0	0	0	0	0	0	0
12	41	26	27	9	16	0	216	48	140	3	0	0	0	0	0	0	0	0	0
13	44	28	29	9	17	0	232	48	151	3	0	0	0	0	0	0	0	0	0
14	47	30	30	10	18	0	240	54	162	3	0	0	0	0	0	0	0	0	0
15	50	32	32	10	19	0	256	54	172	3	0	0	0	0	0	0	0	0	0
16	53	34	34	11	21	0	272	59	183	3	0	0	0	0	0	0	0	0	0
17	57	36	36	11	22	0	288	59	194	4	0	0	0	0	0	0	0	0	0
18	60	38	38	12	23	0	304	65	205	4	0	0	0	0	0	0	0	0	0
19	64	40	40	12	24	0	320	65	215	4	0	0	0	0	0	0	0	0	0
20	67	43	42	13	26	0	336	70	232	4	0	0	0	0	0	0	0	0	0
21	71	45	44	13	27	0	352	70	242	4	0	0	0	0	0	0	0	0	0
22	75	47	46	14	29	0	368	75	253	4	0	0	0	0	0	0	0	0	0
23	79	50	48	14	30	0	384	75	269	4	0	0	0	0	0	0	0	0	0
24	83	52	50	15	32	0	400	81	280	4	0	0	0	0	0	0	0	0	0
25	87	55	53	15	33	0	424	81	296	4	0	0	0	0	0	0	0	0	0
26	91	58	55	16	35	0	440	86	312	4	0	0	0	0	0	0	0	0	0
27	95	60	57	16	36	0	456	86	323	4	0	0	0	0	0	0	0	0	0
28	99	63	60	17	38	0	480	92	339	4	0	0	0	0	0	0	0	0	0
29	104	66	62	17	39	0	496	92	355	4	0	0	0	0	0	0	0	0	0
30	108	68	64	18	41	0	512	97	366	4	0	0	0	0	0	0	0	0	0
31	113	71	67	18	43	0	536	97	382	4	0	0	0	0	0	0	0	0	0
32	117	74	69	19	45	0	552	102	398	4	0	0	0	0	0	0	0	0	0
33	122	77	72	20	46	0	576	108	415	4	0	0	0	0	0	0	0	0	0
34	127	80	75	20	48	0	600	108	431	4	0	0	0	0	0	0	0	0	0
35	131	83	77	21	50	0	616	113	447	4	0	0	0	0	0	0	0	0	0
36	136	86	80	22	52	0	640	118	463	4	0	0	0	0	0	0	0	0	0
37	141	89	83	22	53	0	664	118	479	4	0	0	0	0	0	0	0	0	0
38	146	92	85	23	55	0	680	124	495	4	0	0	0	0	0	0	0	0	0
39	151	96	88	23	57	0	704	124	517	4	0	0	0	0	0	0	0	0	0
40	156	99	91	24	59	0	728	129	533	4	0	0	0	0	0	0	0	0	0
41	161	102	94	25	61	0	752	135	549	4	0	0	0	0	0	0	0	0	0
42	167	105	97	25	63	0	776	135	565	5	0	0	0	0	0	0	0	0	0
43	172	109	100	26	65	0	800	140	587	5	0	0	0	0	0	0	0	0	0
44	177	112	103	27	67	0	824	145	603	5	0	0	0	0	0	0	0	0	0
45	183	115	106	28	69	0	848	151	619	5	0	0	0	0	0	0	0	0	0
46	188	119	109	28	71	0	872	151	641	5	0	0	0	0	0	0	0	0	0
47	194	122	112	29	73	0	896	156	657	5	0	0	0	0	0	0	0	0	0
48	199	126	115	30	75	0	920	162	678	5	0	0	0	0	0	0	0	0	0
49	205	129	118	30	77	0	944	162	695	5	0	0	0	0	0	0	0	0	0
50	210	133	121	31	79	0	968	167	716	5	0	0	0	0	0	0	0	0	0
51	216	136	124	32	81	0	992	172	732	5	0	0	0	0	0	0	0	0	0
52	222	140	127	33	84	0	1016	178	754	5	0	0	0	0	0	0	0	0	0
53	228	144	130	33	86	0	1040	178	775	5	0	0	0	0	0	0	0	0	0
54	234	147	134	34	88	0	1072	183	792	5	0	0	0	0	0	0	0	0	0
55	239	151	137	35	90	0	1096	188	813	5	0	0	0	0	0	0	0	0	0
56	245	155	140	36	92	0	1120	194	835	5	0	0	0	0	0	0	0	0	0
57	251	159	144	36	95	0	1152	194	856	5	0	0	0	0	0	0	0	0	0
58	257	163	147	37	97	0	1176	199	878	5	0	0	0	0	0	0	0	0	0
59	264	166	150	38	99	0	1200	205	894	5	0	0	0	0	0	0	0	0	0
60	270	170	154	39	102	0	1232	210	915	5	0	0	0	0	0	0	0	0	0
61	276	174	157	40	104	0	1256	215	937	5	0	0	0	0	0	0	0	0	0
62	282	178	161	41	106	0	1288	221	958	6	0	0	0	0	0	0	0	0	0
63	289	182	164	41	109	0	1312	221	980	6	0	0	0	0	0	0	0	0	0
64	295	186	168	42	111	0	1344	226	1002	6	0	0	0	0	0	0	0	0	0
65	301	190	171	43	113	0	1368	232	1023	6	0	0	0	0	0	0	0	0	0
66	308	194	175	44	116	0	1400	237	1045	6	0	0	0	0	0	0	0	0	0
67	314	198	178	45	118	0	1424	242	1066	6	0	0	0	0	0	0	0	0	0
68	321	202	182	46	121	0	1456	248	1088	6	0	0	0	0	0	0	0	0	0
69	327	207	186	46	123	0	1488	248	1115	6	0	0	0	0	0	0	0	0	0
70	334	211	189	47	126	0	1512	253	1136	6	0	0	0	0	0	0	0	0	0
71	341	215	193	48	128	0	1544	258	1158	6	0	0	0	0	0	0	0	0	0
72	347	219	197	49	131	0	1576	264	1179	6	0	0	0	0	0	0	0	0	0
73	354	223	200	50	133	0	1600	269	1201	6	0	0	0	0	0	0	0	0	0
74	361	228	204	51	136	0	1632	275	1228	6	0	0	0	0	0	0	0	0	0
75	368	232	208	52	138	0	1664	280	1249	6	0	0	0	0	0	0	0	0	0
76	375	236	212	53	141	0	1696	285	1271	6	0	0	0	0	0	0	0	0	0
77	382	241	216	53	143	0	1728	285	1298	6	0	0	0	0	0	0	0	0	0
78	389	245	220	54	146	0	1760	291	1319	7	0	0	0	0	0	0	0	0	0
79	396	250	223	55	149	0	1784	296	1346	7	0	0	0	0	0	0	0	0	0
80	403	254	227	56	151	0	1816	302	1368	7	0	0	0	0	0	0	0	0	0
81	410	259	231	57	154	0	1848	307	1395	7	0	0	0	0	0	0	0	0	0
82	417	263	235	58	157	0	1880	312	1416	7	0	0	0	0	0	0	0	0	0
83	424	268	239	59	159	0	1912	318	1443	7	0	0	0	0	0	0	0	0	0
84	432	272	243	60	162	0	1944	323	1465	7	0	0	0	0	0	0	0	0	0
85	439	277	247	61	165	0	1976	328	1492	7	0	0	0	0	0	0	0	0	0
86	446	281	251	62	167	0	2008	334	1513	7	0	0	0	0	0	0	0	0	0
87	453	286	255	63	170	0	2040	339	1540	7	0	0	0	0	0	0	0	0	0
88	461	291	259	64	173	0	2072	345	1567	7	0	0	0	0	0	0	0	0	0
89	468	295	264	65	176	0	2112	350	1588	7	0	0	0	0	0	0	0	0	0
90	476	300	268	66	179	0	2144	355	1615	7	0	0	0	0	0	0	0	0	0
91	483	305	272	67	181	0	2176	361	1642	7	0	0	0	0	0	0	0	0	0
92	491	310	276	68	184	0	2208	366	1669	7	0	0	0	0	0	0	0	0	0
93	498	314	280	69	187	0	2240	372	1691	7	0	0	0	0	0	0	0	0	0
94	506	319	284	70	190	0	2272	377	1718	8	0	0	0	0	0	0	0	0	0
95	514	324	289	71	193	0	2312	382	1745	8	0	0	0	0	0	0	0	0	0
96	521	329	293	72	196	0	2344	388	1772	8	0	0	0	0	0	0	0	0	0
97	529	334	297	73	199	0	2376	393	1798	8	0	0	0	0	0	0	0	0	0
98	537	339	301	74	201	0	2408	398	1825	8	0	0	0	0	0	0	0	0	0
99	545	344	306	75	204	0	2448	404	1852	8	0	0	0	0	0	0	0	0	0
100	553	348	310	76	207	0	2480	409	1874	8	0	0	0	0	0	0	0	0	0
101	561	353	314	77	210	0	2512	415	1901	8	0	0	0	0	0	0	0	0	0
102	568	358	319	78	213	0	2552	420	1928	8	0	0	0	0	0	0	0	0	0
103	576	363	323	79	216	0	2584	425	1955	8	0	0	0	0	0	0	0	0	0
104	584	369	328	80	219	0	2624	431	1987	8	0	0	0	0	0	0	0	0	0
105	592	374	332	81	222	0	2656	436	2014	8	0	0	0	0	0	0	0	0	0
106	601	379	337	82	225	0	2696	442	2041	8	0	0	0	0	0	0	0	0	0
107	609	384	341	83	228	0	2728	447	2068	8	0	0	0	0	0	0	0	0	0
108	617	389	346	84	231	0	2768	452	2095	9	0	0	0	0	0	0	0	0	0
109	625	394	350	85	234	0	2800	458	2122	9	0	0	0	0	0	0	0	0	0
110	633	399	355	86	237	0	2840	463	2148	9	0	0	0	0	0	0	0	0	0
111	641	404	359	87	241	0	2872	468	2175	9	0	0	0	0	0	0	0	0	0
112	650	410	364	88	244	0	2912	474	2208	9	0	0	0	0	0	0	0	0	0
113	658	415	368	89	247	0	2944	479	2235	9	0	0	0	0	0	0	0	0	0
114	666	420	373	90	250	0	2984	485	2262	9	0	0	0	0	0	0	0	0	0
115	675	425	378	92	253	0	3024	495	2288	9	0	0	0	0	0	0	0	0	0
116	683	431	382	93	256	0	3056	501	2321	9	0	0	0	0	0	0	0	0	0
117	692	436	387	94	259	0	3096	506	2348	9	0	0	0	0	0	0	0	0	0
118	700	441	392	95	263	0	3136	512	2375	9	0	0	0	0	0	0	0	0	0
119	709	447	396	96	266	0	3168	517	2407	9	0	0	0	0	0	0	0	0	0
120	717	452	401	97	269	0	3208	522	2434	9	0	0	0	0	0	0	0	0	0
121	726	458	406	98	272	0	3248	528	2466	10	0	0	0	0	0	0	0	0	0
8																			
LV	STR	Dex	CON	WIS	INT	CHA	MAX HP	MAX MP	MAX SP	MAX AC	MAX AR	MAX DR	FIRE	WATER	EARTH	AIR	MAGIC	MIN DMG	MAX DMG
1	12	16	11	8	9	0	88	43	86	2	0	0	0	0	0	0	0	0	0
2	13	17	12	8	9	0	96	43	92	2	0	0	0	0	0	0	0	0	0
3	14	18	13	9	10	0	104	48	97	2	0	0	0	0	0	0	0	0	0
4	15	19	14	9	10	0	112	48	102	2	0	0	0	0	0	0	0	0	0
5	16	20	15	9	11	0	120	48	108	2	0	0	0	0	0	0	0	0	0
6	17	22	16	10	11	0	128	54	118	2	0	0	0	0	0	0	0	0	0
7	18	23	17	10	12	0	136	54	124	2	0	0	0	0	0	0	0	0	0
8	19	25	18	11	13	0	144	59	135	2	0	0	0	0	0	0	0	0	0
9	21	27	19	12	13	0	152	65	145	2	0	0	0	0	0	0	0	0	0
10	22	28	21	12	14	0	168	65	151	2	0	0	0	0	0	0	0	0	0
11	24	30	22	13	15	0	176	70	162	2	0	0	0	0	0	0	0	0	0
12	26	32	24	13	16	0	192	70	172	2	0	0	0	0	0	0	0	0	0
13	27	34	25	14	16	0	200	75	183	2	0	0	0	0	0	0	0	0	0
14	29	36	27	15	17	0	216	81	194	2	0	0	0	0	0	0	0	0	0
15	31	38	29	15	18	0	232	81	205	2	0	0	0	0	0	0	0	0	0
16	33	41	30	16	19	0	240	86	221	2	0	0	0	0	0	0	0	0	0
17	35	43	32	17	20	0	256	92	232	3	0	0	0	0	0	0	0	0	0
18	37	45	34	18	21	0	272	97	242	3	0	0	0	0	0	0	0	0	0
19	39	48	36	19	22	0	288	102	258	3	0	0	0	0	0	0	0	0	0
20	41	50	38	19	23	0	304	102	269	3	0	0	0	0	0	0	0	0	0
21	43	53	40	20	24	0	320	108	285	3	0	0	0	0	0	0	0	0	0
22	45	55	42	21	25	0	336	113	296	3	0	0	0	0	0	0	0	0	0
23	47	58	44	22	26	0	352	118	312	3	0	0	0	0	0	0	0	0	0
24	50	61	46	23	27	0	368	124	328	3	0	0	0	0	0	0	0	0	0
25	52	63	48	24	28	0	384	129	339	3	0	0	0	0	0	0	0	0	0
26	54	66	51	25	29	0	408	135	355	3	0	0	0	0	0	0	0	0	0
27	57	69	53	26	31	0	424	140	372	3	0	0	0	0	0	0	0	0	0
28	59	72	55	27	32	0	440	145	388	3	0	0	0	0	0	0	0	0	0
29	62	75	58	28	33	0	464	151	404	3	0	0	0	0	0	0	0	0	0
30	64	78	60	29	34	0	480	156	420	3	0	0	0	0	0	0	0	0	0
31	67	81	62	30	35	0	496	162	436	3	0	0	0	0	0	0	0	0	0
32	70	84	65	31	37	0	520	167	452	3	0	0	0	0	0	0	0	0	0
33	72	87	67	32	38	0	536	172	468	3	0	0	0	0	0	0	0	0	0
34	75	90	70	33	39	0	560	178	485	3	0	0	0	0	0	0	0	0	0
35	78	94	72	34	41	0	576	183	506	3	0	0	0	0	0	0	0	0	0
36	80	97	75	35	42	0	600	188	522	3	0	0	0	0	0	0	0	0	0
37	83	100	78	36	43	0	624	194	538	3	0	0	0	0	0	0	0	0	0
38	86	104	80	37	45	0	640	199	560	3	0	0	0	0	0	0	0	0	0
39	89	107	83	39	46	0	664	210	576	3	0	0	0	0	0	0	0	0	0
40	92	111	86	40	48	0	688	215	598	3	0	0	0	0	0	0	0	0	0
41	95	114	89	41	49	0	712	221	614	3	0	0	0	0	0	0	0	0	0
42	98	118	91	42	50	0	728	226	635	4	0	0	0	0	0	0	0	0	0
43	101	121	94	43	52	0	752	232	652	4	0	0	0	0	0	0	0	0	0
44	104	125	97	44	53	0	776	237	673	4	0	0	0	0	0	0	0	0	0
45	107	128	100	46	55	0	800	248	689	4	0	0	0	0	0	0	0	0	0
46	110	132	103	47	56	0	824	253	711	4	0	0	0	0	0	0	0	0	0
47	113	136	106	48	58	0	848	258	732	4	0	0	0	0	0	0	0	0	0
48	116	140	109	49	59	0	872	264	754	4	0	0	0	0	0	0	0	0	0
49	120	143	112	51	61	0	896	275	770	4	0	0	0	0	0	0	0	0	0
50	123	147	115	52	62	0	920	280	792	4	0	0	0	0	0	0	0	0	0
51	126	151	118	53	64	0	944	285	813	4	0	0	0	0	0	0	0	0	0
52	129	155	121	55	66	0	968	296	835	4	0	0	0	0	0	0	0	0	0
53	133	159	124	56	67	0	992	302	856	4	0	0	0	0	0	0	0	0	0
54	136	163	127	57	69	0	1016	307	878	4	0	0	0	0	0	0	0	0	0
55	139	167	130	59	70	0	1040	318	899	4	0	0	0	0	0	0	0	0	0
56	143	171	134	60	72	0	1072	323	921	4	0	0	0	0	0	0	0	0	0
57	146	175	137	61	74	0	1096	328	942	4	0	0	0	0	0	0	0	0	0
58	150	179	140	63	75	0	1120	339	964	4	0	0	0	0	0	0	0	0	0
59	153	183	143	64	77	0	1144	345	985	4	0	0	0	0	0	0	0	0	0
60	157	188	147	66	79	0	1176	355	1012	4	0	0	0	0	0	0	0	0	0
61	160	192	150	67	81	0	1200	361	1034	4	0	0	0	0	0	0	0	0	0
62	164	196	153	68	82	0	1224	366	1055	5	0	0	0	0	0	0	0	0	0
63	168	200	157	70	84	0	1256	377	1077	5	0	0	0	0	0	0	0	0	0
64	171	205	160	71	86	0	1280	382	1104	5	0	0	0	0	0	0	0	0	0
65	175	209	164	73	88	0	1312	393	1125	5	0	0	0	0	0	0	0	0	0
66	179	213	167	74	89	0	1336	398	1147	5	0	0	0	0	0	0	0	0	0
67	182	218	171	76	91	0	1368	409	1174	5	0	0	0	0	0	0	0	0	0
68	186	222	174	77	93	0	1392	415	1195	5	0	0	0	0	0	0	0	0	0
69	190	227	178	79	95	0	1424	425	1222	5	0	0	0	0	0	0	0	0	0
70	194	231	181	80	97	0	1448	431	1244	5	0	0	0	0	0	0	0	0	0
71	198	236	185	82	98	0	1480	442	1271	5	0	0	0	0	0	0	0	0	0
72	201	240	188	83	100	0	1504	447	1292	5	0	0	0	0	0	0	0	0	0
73	205	245	192	85	102	0	1536	458	1319	5	0	0	0	0	0	0	0	0	0
74	209	250	196	86	104	0	1568	463	1346	5	0	0	0	0	0	0	0	0	0
75	213	254	199	88	106	0	1592	474	1368	5	0	0	0	0	0	0	0	0	0
76	217	259	203	89	108	0	1624	479	1395	5	0	0	0	0	0	0	0	0	0
77	221	264	207	91	110	0	1656	490	1422	5	0	0	0	0	0	0	0	0	0
78	225	268	210	93	112	0	1680	501	1443	5	0	0	0	0	0	0	0	0	0
79	229	273	214	94	114	0	1712	506	1470	5	0	0	0	0	0	0	0	0	0
80	233	278	218	96	116	0	1744	517	1497	5	0	0	0	0	0	0	0	0	0
81	237	283	222	97	118	0	1776	522	1524	5	0	0	0	0	0	0	0	0	0
82	241	288	226	99	120	0	1808	533	1551	5	0	0	0	0	0	0	0	0	0
83	245	293	230	101	122	0	1840	544	1578	5	0	0	0	0	0	0	0	0	0
84	250	297	233	102	124	0	1864	549	1599	5	0	0	0	0	0	0	0	0	0
85	254	302	237	104	126	0	1896	560	1626	5	0	0	0	0	0	0	0	0	0
86	258	307	241	106	128	0	1928	571	1653	5	0	0	0	0	0	0	0	0	0
87	262	312	245	107	130	0	1960	576	1680	5	0	0	0	0	0	0	0	0	0
88	266	317	249	109	132	0	1992	587	1707	5	0	0	0	0	0	0	0	0	0
89	271	322	253	111	134	0	2024	598	1734	5	0	0	0	0	0	0	0	0	0
90	275	327	257	112	136	0	2056	603	1761	5	0	0	0	0	0	0	0	0	0
91	279	333	261	114	138	0	2088	614	1793	5	0	0	0	0	0	0	0	0	0
92	284	338	265	116	140	0	2120	625	1820	5	0	0	0	0	0	0	0	0	0
93	288	343	269	118	142	0	2152	635	1847	5	0	0	0	0	0	0	0	0	0
94	292	348	273	119	144	0	2184	641	1874	6	0	0	0	0	0	0	0	0	0
95	297	353	278	121	146	0	2224	652	1901	6	0	0	0	0	0	0	0	0	0
96	301	358	282	123	148	0	2256	662	1928	6	0	0	0	0	0	0	0	0	0
97	306	364	286	125	151	0	2288	673	1960	6	0	0	0	0	0	0	0	0	0
98	310	369	290	126	153	0	2320	678	1987	6	0	0	0	0	0	0	0	0	0
99	315	374	294	128	155	0	2352	689	2014	6	0	0	0	0	0	0	0	0	0
100	319	380	298	130	157	0	2384	700	2046	6	0	0	0	0	0	0	0	0	0
101	324	385	303	132	159	0	2424	711	2073	6	0	0	0	0	0	0	0	0	0
102	328	390	307	134	161	0	2456	722	2100	6	0	0	0	0	0	0	0	0	0
103	333	396	311	135	164	0	2488	727	2132	6	0	0	0	0	0	0	0	0	0
104	337	401	315	137	166	0	2520	738	2159	6	0	0	0	0	0	0	0	0	0
105	342	407	320	139	168	0	2560	748	2192	6	0	0	0	0	0	0	0	0	0
106	346	412	324	141	170	0	2592	759	2218	6	0	0	0	0	0	0	0	0	0
107	351	418	328	143	173	0	2624	770	2251	6	0	0	0	0	0	0	0	0	0
108	356	423	333	145	175	0	2664	781	2278	7	0	0	0	0	0	0	0	0	0
109	360	429	337	146	177	0	2696	786	2310	7	0	0	0	0	0	0	0	0	0
110	365	434	342	148	179	0	2736	797	2337	7	0	0	0	0	0	0	0	0	0
111	370	440	346	150	182	0	2768	808	2369	7	0	0	0	0	0	0	0	0	0
112	375	446	351	152	184	0	2808	818	2402	7	0	0	0	0	0	0	0	0	0
113	379	451	355	154	186	0	2840	829	2428	7	0	0	0	0	0	0	0	0	0
114	384	457	359	156	189	0	2872	840	2461	7	0	0	0	0	0	0	0	0	0
115	389	463	364	158	191	0	2912	851	2493	7	0	0	0	0	0	0	0	0	0
116	394	468	368	160	193	0	2944	862	2520	7	0	0	0	0	0	0	0	0	0
117	399	474	373	162	196	0	2984	872	2552	7	0	0	0	0	0	0	0	0	0
118	404	480	378	164	198	0	3024	883	2585	7	0	0	0	0	0	0	0	0	0
119	408	486	382	165	200	0	3056	888	2617	7	0	0	0	0	0	0	0	0	0
120	413	491	387	167	203	0	3096	899	2644	7	0	0	0	0	0	0	0	0	0
121	418	497	391	169	205	0	3128	910	2676	8	0	0	0	0	0	0	0	0	0
3																			
LV	STR	Dex	CON	WIS	INT	CHA	MAX HP	MAX MP	MAX SP	MAX AC	MAX AR	MAX DR	FIRE	WATER	EARTH	AIR	MAGIC	MIN DMG	MAX DMG
1	8	8	9	14	17	0	72	75	43	2	0	0	0	0	0	0	0	0	0
2	9	9	10	15	18	0	80	81	48	2	0	0	0	0	0	0	0	0	0
3	10	10	10	16	19	0	80	86	54	2	0	0	0	0	0	0	0	0	0
4	11	11	11	18	20	0	88	97	59	2	0	0	0	0	0	0	0	0	0
5	12	12	12	19	22	0	96	102	65	2	0	0	0	0	0	0	0	0	0
6	13	13	12	21	24	0	96	113	70	2	0	0	0	0	0	0	0	0	0
7	15	14	13	23	26	0	104	124	75	2	0	0	0	0	0	0	0	0	0
8	16	15	14	25	28	0	112	135	81	2	0	0	0	0	0	0	0	0	0
9	18	17	15	27	31	0	120	145	92	2	0	0	0	0	0	0	0	0	0
10	19	18	16	29	33	0	128	156	97	2	0	0	0	0	0	0	0	0	0
11	21	19	17	31	36	0	136	167	102	2	0	0	0	0	0	0	0	0	0
12	23	21	18	33	38	0	144	178	113	2	0	0	0	0	0	0	0	0	0
13	25	23	19	36	41	0	152	194	124	2	0	0	0	0	0	0	0	0	0
14	26	24	21	38	44	0	168	205	129	2	0	0	0	0	0	0	0	0	0
15	28	26	22	41	47	0	176	221	140	2	0	0	0	0	0	0	0	0	0
16	30	28	23	43	50	0	184	232	151	2	0	0	0	0	0	0	0	0	0
17	33	30	24	46	53	0	192	248	162	2	0	0	0	0	0	0	0	0	0
18	35	32	26	49	57	0	208	264	172	2	0	0	0	0	0	0	0	0	0
19	37	34	27	52	60	0	216	280	183	2	0	0	0	0	0	0	0	0	0
20	39	36	29	55	63	0	232	296	194	2	0	0	0	0	0	0	0	0	0
21	41	38	30	58	67	0	240	312	205	2	0	0	0	0	0	0	0	0	0
22	44	40	32	61	71	0	256	328	215	2	0	0	0	0	0	0	0	0	0
23	46	42	33	64	74	0	264	345	226	2	0	0	0	0	0	0	0	0	0
24	49	44	35	67	78	0	280	361	237	2	0	0	0	0	0	0	0	0	0
25	51	46	36	70	82	0	288	377	248	2	0	0	0	0	0	0	0	0	0
26	54	49	38	74	86	0	304	398	264	2	0	0	0	0	0	0	0	0	0
27	56	51	40	77	90	0	320	415	275	2	0	0	0	0	0	0	0	0	0
28	59	53	41	81	94	0	328	436	285	2	0	0	0	0	0	0	0	0	0
29	62	56	43	84	98	0	344	452	302	2	0	0	0	0	0	0	0	0	0
30	65	58	45	88	102	0	360	474	312	2	0	0	0	0	0	0	0	0	0
31	67	61	46	91	106	0	368	490	328	2	0	0	0	0	0	0	0	0	0
32	70	63	48	95	111	0	384	512	339	2	0	0	0	0	0	0	0	0	0
33	73	66	50	99	115	0	400	533	355	2	0	0	0	0	0	0	0	0	0
34	76	68	52	103	119	0	416	555	366	2	0	0	0	0	0	0	0	0	0
35	79	71	54	106	124	0	432	571	382	2	0	0	0	0	0	0	0	0	0
36	82	73	56	110	129	0	448	592	393	2	0	0	0	0	0	0	0	0	0
37	85	76	58	114	133	0	464	614	409	2	0	0	0	0	0	0	0	0	0
38	88	79	60	118	138	0	480	635	425	2	0	0	0	0	0	0	0	0	0
39	91	82	61	122	143	0	488	657	442	2	0	0	0	0	0	0	0	0	0
40	94	84	63	127	147	0	504	684	452	2	0	0	0	0	0	0	0	0	0
41	97	87	65	131	152	0	520	705	468	2	0	0	0	0	0	0	0	0	0
42	101	90	68	135	157	0	544	727	485	3	0	0	0	0	0	0	0	0	0
43	104	93	70	139	162	0	560	748	501	3	0	0	0	0	0	0	0	0	0
44	107	96	72	143	167	0	576	770	517	3	0	0	0	0	0	0	0	0	0
45	111	99	74	148	172	0	592	797	533	3	0	0	0	0	0	0	0	0	0
46	114	102	76	152	177	0	608	818	549	3	0	0	0	0	0	0	0	0	0
47	117	105	78	157	183	0	624	845	565	3	0	0	0	0	0	0	0	0	0
48	121	108	80	161	188	0	640	867	582	3	0	0	0	0	0	0	0	0	0
49	124	111	82	166	193	0	656	894	598	3	0	0	0	0	0	0	0	0	0
50	128	114	85	170	198	0	680	915	614	3	0	0	0	0	0	0	0	0	0
51	131	117	87	175	204	0	696	942	630	3	0	0	0	0	0	0	0	0	0
52	135	120	89	180	209	0	712	969	646	3	0	0	0	0	0	0	0	0	0
53	138	124	91	184	215	0	728	991	668	3	0	0	0	0	0	0	0	0	0
54	142	127	94	189	220	0	752	1018	684	3	0	0	0	0	0	0	0	0	0
55	146	130	96	194	226	0	768	1045	700	3	0	0	0	0	0	0	0	0	0
56	150	133	98	199	232	0	784	1072	716	3	0	0	0	0	0	0	0	0	0
57	153	137	101	203	237	0	808	1093	738	3	0	0	0	0	0	0	0	0	0
58	157	140	103	208	243	0	824	1120	754	3	0	0	0	0	0	0	0	0	0
59	161	143	105	213	249	0	840	1147	770	3	0	0	0	0	0	0	0	0	0
60	165	147	108	218	255	0	864	1174	792	3	0	0	0	0	0	0	0	0	0
61	168	150	110	223	260	0	880	1201	808	3	0	0	0	0	0	0	0	0	0
62	172	154	113	228	266	0	904	1228	829	3	0	0	0	0	0	0	0	0	0
63	176	157	115	233	272	0	920	1255	845	3	0	0	0	0	0	0	0	0	0
64	180	161	118	239	278	0	944	1287	867	3	0	0	0	0	0	0	0	0	0
65	184	164	120	244	284	0	960	1314	883	3	0	0	0	0	0	0	0	0	0
66	188	168	123	249	290	0	984	1341	905	3	0	0	0	0	0	0	0	0	0
67	192	171	125	254	297	0	1000	1368	921	3	0	0	0	0	0	0	0	0	0
68	196	175	128	260	303	0	1024	1400	942	3	0	0	0	0	0	0	0	0	0
69	200	178	130	265	309	0	1040	1427	958	3	0	0	0	0	0	0	0	0	0
70	204	182	133	270	315	0	1064	1454	980	3	0	0	0	0	0	0	0	0	0
71	209	186	136	276	321	0	1088	1486	1002	3	0	0	0	0	0	0	0	0	0
72	213	189	138	281	328	0	1104	1513	1018	3	0	0	0	0	0	0	0	0	0
73	217	193	141	287	334	0	1128	1545	1039	3	0	0	0	0	0	0	0	0	0
74	221	197	144	292	341	0	1152	1572	1061	3	0	0	0	0	0	0	0	0	0
75	225	201	146	298	347	0	1168	1605	1082	3	0	0	0	0	0	0	0	0	0
76	230	204	149	303	354	0	1192	1632	1098	3	0	0	0	0	0	0	0	0	0
77	234	208	152	309	360	0	1216	1664	1120	3	0	0	0	0	0	0	0	0	0
78	238	212	154	314	367	0	1232	1691	1142	4	0	0	0	0	0	0	0	0	0
79	243	216	157	320	373	0	1256	1723	1163	4	0	0	0	0	0	0	0	0	0
80	247	220	160	326	380	0	1280	1755	1185	4	0	0	0	0	0	0	0	0	0
81	251	224	163	332	387	0	1304	1788	1206	4	0	0	0	0	0	0	0	0	0
82	256	228	165	337	394	0	1320	1815	1228	4	0	0	0	0	0	0	0	0	0
83	260	232	168	343	400	0	1344	1847	1249	4	0	0	0	0	0	0	0	0	0
84	265	235	171	349	407	0	1368	1879	1265	4	0	0	0	0	0	0	0	0	0
85	269	239	174	355	414	0	1392	1912	1287	4	0	0	0	0	0	0	0	0	0
86	274	243	177	361	421	0	1416	1944	1308	4	0	0	0	0	0	0	0	0	0
87	278	248	180	367	428	0	1440	1976	1335	4	0	0	0	0	0	0	0	0	0
88	283	252	183	373	435	0	1464	2008	1357	4	0	0	0	0	0	0	0	0	0
89	288	256	185	379	442	0	1480	2041	1378	4	0	0	0	0	0	0	0	0	0
90	292	260	188	385	449	0	1504	2073	1400	4	0	0	0	0	0	0	0	0	0
91	297	264	191	391	456	0	1528	2105	1422	4	0	0	0	0	0	0	0	0	0
92	302	268	194	397	463	0	1552	2138	1443	4	0	0	0	0	0	0	0	0	0
93	306	272	197	403	470	0	1576	2170	1465	4	0	0	0	0	0	0	0	0	0
94	311	276	200	409	477	0	1600	2202	1486	4	0	0	0	0	0	0	0	0	0
95	316	281	203	415	485	0	1624	2235	1513	4	0	0	0	0	0	0	0	0	0
96	321	285	206	422	492	0	1648	2272	1535	4	0	0	0	0	0	0	0	0	0
97	325	289	209	428	499	0	1672	2305	1556	4	0	0	0	0	0	0	0	0	0
98	330	293	212	434	507	0	1696	2337	1578	4	0	0	0	0	0	0	0	0	0
99	335	298	215	441	514	0	1720	2375	1605	4	0	0	0	0	0	0	0	0	0
100	340	302	218	447	521	0	1744	2407	1626	4	0	0	0	0	0	0	0	0	0
101	345	306	222	453	529	0	1776	2439	1648	4	0	0	0	0	0	0	0	0	0
102	350	311	225	460	536	0	1800	2477	1675	4	0	0	0	0	0	0	0	0	0
103	355	315	228	466	544	0	1824	2509	1696	4	0	0	0	0	0	0	0	0	0
104	360	319	231	473	551	0	1848	2547	1718	4	0	0	0	0	0	0	0	0	0
105	365	324	234	479	559	0	1872	2579	1745	4	0	0	0	0	0	0	0	0	0
106	370	328	237	486	567	0	1896	2617	1766	4	0	0	0	0	0	0	0	0	0
107	375	333	240	492	574	0	1920	2649	1793	4	0	0	0	0	0	0	0	0	0
108	380	337	244	499	582	0	1952	2687	1815	5	0	0	0	0	0	0	0	0	0
109	385	342	247	505	590	0	1976	2719	1842	5	0	0	0	0	0	0	0	0	0
110	390	346	250	512	597	0	2000	2757	1863	5	0	0	0	0	0	0	0	0	0
111	395	351	253	519	605	0	2024	2795	1890	5	0	0	0	0	0	0	0	0	0
112	400	355	256	525	613	0	2048	2827	1912	5	0	0	0	0	0	0	0	0	0
113	405	360	260	532	621	0	2080	2865	1938	5	0	0	0	0	0	0	0	0	0
114	410	364	263	539	629	0	2104	2902	1960	5	0	0	0	0	0	0	0	0	0
115	416	369	266	546	637	0	2128	2940	1987	5	0	0	0	0	0	0	0	0	0
116	421	374	270	552	645	0	2160	2972	2014	5	0	0	0	0	0	0	0	0	0
117	426	378	273	559	653	0	2184	3010	2035	5	0	0	0	0	0	0	0	0	0
118	431	383	276	566	661	0	2208	3048	2062	5	0	0	0	0	0	0	0	0	0
119	437	388	280	573	669	0	2240	3085	2089	5	0	0	0	0	0	0	0	0	0
120	442	392	283	580	677	0	2264	3123	2111	5	0	0	0	0	0	0	0	0	0
121	447	397	286	587	685	0	2288	3161	2138	5	0	0	0	0	0	0	0	0	0
460																			
LV	STR	Dex	CON	WIS	INT	CHA	MAX HP	MAX MP	MAX SP	MAX AC	MAX AR	MAX DR	FIRE	WATER	EARTH	AIR	MAGIC	MIN DMG	MAX DMG
1	13	18	10	8	7	0	80	43	97	2	0	0	0	0	0	0	0	0	0
2	14	19	11	8	8	0	88	43	102	2	0	0	0	0	0	0	0	0	0
3	15	20	11	9	8	0	88	48	108	2	0	0	0	0	0	0	0	0	0
4	16	21	12	9	9	0	96	48	113	2	0	0	0	0	0	0	0	0	0
5	17	23	13	10	10	0	104	54	124	2	0	0	0	0	0	0	0	0	0
6	18	24	14	11	10	0	112	59	129	2	0	0	0	0	0	0	0	0	0
7	19	26	15	11	11	0	120	59	140	2	0	0	0	0	0	0	0	0	0
8	21	27	16	12	12	0	128	65	145	2	0	0	0	0	0	0	0	0	0
9	22	29	17	13	13	0	136	70	156	2	0	0	0	0	0	0	0	0	0
10	24	31	19	13	14	0	152	70	167	2	0	0	0	0	0	0	0	0	0
11	25	33	20	14	15	0	160	75	178	2	0	0	0	0	0	0	0	0	0
12	27	35	21	15	16	0	168	81	188	2	0	0	0	0	0	0	0	0	0
13	29	37	23	16	17	0	184	86	199	2	0	0	0	0	0	0	0	0	0
14	31	39	24	17	19	0	192	92	210	2	0	0	0	0	0	0	0	0	0
15	33	41	26	18	20	0	208	97	221	3	0	0	0	0	0	0	0	0	0
16	35	43	27	19	21	0	216	102	232	3	0	0	0	0	0	0	0	0	0
17	37	46	29	20	22	0	232	108	248	3	0	0	0	0	0	0	0	0	0
18	39	48	30	21	24	0	240	113	258	3	0	0	0	0	0	0	0	0	0
19	41	51	32	22	25	0	256	118	275	3	0	0	0	0	0	0	0	0	0
20	43	53	34	23	27	0	272	124	285	3	0	0	0	0	0	0	0	0	0
21	45	56	35	24	28	0	280	129	302	3	0	0	0	0	0	0	0	0	0
22	48	59	37	25	30	0	296	135	318	3	0	0	0	0	0	0	0	0	0
23	50	61	39	26	31	0	312	140	328	3	0	0	0	0	0	0	0	0	0
24	52	64	41	27	33	0	328	145	345	3	0	0	0	0	0	0	0	0	0
25	55	67	43	28	34	0	344	151	361	3	0	0	0	0	0	0	0	0	0
26	57	70	45	30	36	0	360	162	377	3	0	0	0	0	0	0	0	0	0
27	60	73	47	31	38	0	376	167	393	3	0	0	0	0	0	0	0	0	0
28	62	76	49	32	39	0	392	172	409	3	0	0	0	0	0	0	0	0	0
29	65	79	51	33	41	0	408	178	425	3	0	0	0	0	0	0	0	0	0
30	68	82	53	35	43	0	424	188	442	3	0	0	0	0	0	0	0	0	0
31	70	85	55	36	44	0	440	194	458	3	0	0	0	0	0	0	0	0	0
32	73	89	57	37	46	0	456	199	479	3	0	0	0	0	0	0	0	0	0
33	76	92	60	39	48	0	480	210	495	3	0	0	0	0	0	0	0	0	0
34	79	95	62	40	50	0	496	215	512	3	0	0	0	0	0	0	0	0	0
35	81	98	64	42	52	0	512	226	528	3	0	0	0	0	0	0	0	0	0
36	84	102	66	43	54	0	528	232	549	3	0	0	0	0	0	0	0	0	0
37	87	105	69	44	55	0	552	237	565	3	0	0	0	0	0	0	0	0	0
38	90	109	71	46	57	0	568	248	587	3	0	0	0	0	0	0	0	0	0
39	93	112	73	47	59	0	584	253	603	3	0	0	0	0	0	0	0	0	0
40	96	116	76	49	61	0	608	264	625	4	0	0	0	0	0	0	0	0	0
41	99	120	78	50	63	0	624	269	646	4	0	0	0	0	0	0	0	0	0
42	102	123	81	52	65	0	648	280	662	4	0	0	0	0	0	0	0	0	0
43	106	127	83	53	67	0	664	285	684	4	0	0	0	0	0	0	0	0	0
44	109	131	86	55	70	0	688	296	705	4	0	0	0	0	0	0	0	0	0
45	112	134	88	56	72	0	704	302	722	4	0	0	0	0	0	0	0	0	0
46	115	138	91	58	74	0	728	312	743	4	0	0	0	0	0	0	0	0	0
47	118	142	93	60	76	0	744	323	765	4	0	0	0	0	0	0	0	0	0
48	122	146	96	61	78	0	768	328	786	4	0	0	0	0	0	0	0	0	0
49	125	150	99	63	80	0	792	339	808	4	0	0	0	0	0	0	0	0	0
50	129	154	101	65	82	0	808	350	829	4	0	0	0	0	0	0	0	0	0
51	132	158	104	66	85	0	832	355	851	4	0	0	0	0	0	0	0	0	0
52	135	162	107	68	87	0	856	366	872	4	0	0	0	0	0	0	0	0	0
53	139	166	109	70	89	0	872	377	894	4	0	0	0	0	0	0	0	0	0
54	142	170	112	71	91	0	896	382	915	4	0	0	0	0	0	0	0	0	0
55	146	174	115	73	94	0	920	393	937	4	0	0	0	0	0	0	0	0	0
56	149	179	118	75	96	0	944	404	964	4	0	0	0	0	0	0	0	0	0
57	153	183	121	77	98	0	968	415	985	4	0	0	0	0	0	0	0	0	0
58	157	187	123	78	101	0	984	420	1007	4	0	0	0	0	0	0	0	0	0
59	160	191	126	80	103	0	1008	431	1028	5	0	0	0	0	0	0	0	0	0
60	164	196	129	82	106	0	1032	442	1055	5	0	0	0	0	0	0	0	0	0
61	168	200	132	84	108	0	1056	452	1077	5	0	0	0	0	0	0	0	0	0
62	172	205	135	86	111	0	1080	463	1104	5	0	0	0	0	0	0	0	0	0
63	175	209	138	87	113	0	1104	468	1125	5	0	0	0	0	0	0	0	0	0
64	179	213	141	89	115	0	1128	479	1147	5	0	0	0	0	0	0	0	0	0
65	183	218	144	91	118	0	1152	490	1174	5	0	0	0	0	0	0	0	0	0
66	187	223	147	93	120	0	1176	501	1201	5	0	0	0	0	0	0	0	0	0
67	191	227	150	95	123	0	1200	512	1222	5	0	0	0	0	0	0	0	0	0
68	195	232	153	97	126	0	1224	522	1249	5	0	0	0	0	0	0	0	0	0
69	199	236	156	99	128	0	1248	533	1271	5	0	0	0	0	0	0	0	0	0
70	202	241	160	101	131	0	1280	544	1298	5	0	0	0	0	0	0	0	0	0
71	206	246	163	103	133	0	1304	555	1325	5	0	0	0	0	0	0	0	0	0
72	210	250	166	105	136	0	1328	565	1346	5	0	0	0	0	0	0	0	0	0
73	215	255	169	107	139	0	1352	576	1373	5	0	0	0	0	0	0	0	0	0
74	219	260	172	109	141	0	1376	587	1400	5	0	0	0	0	0	0	0	0	0
75	223	265	175	111	144	0	1400	598	1427	5	0	0	0	0	0	0	0	0	0
76	227	270	179	113	147	0	1432	608	1454	5	0	0	0	0	0	0	0	0	0
77	231	275	182	115	149	0	1456	619	1481	5	0	0	0	0	0	0	0	0	0
78	235	279	185	117	152	0	1480	630	1502	5	0	0	0	0	0	0	0	0	0
79	239	284	189	119	155	0	1512	641	1529	5	0	0	0	0	0	0	0	0	0
80	244	289	192	121	158	0	1536	652	1556	5	0	0	0	0	0	0	0	0	0
81	248	294	195	123	160	0	1560	662	1583	5	0	0	0	0	0	0	0	0	0
82	252	299	199	125	163	0	1592	673	1610	5	0	0	0	0	0	0	0	0	0
83	256	304	202	127	166	0	1616	684	1637	5	0	0	0	0	0	0	0	0	0
84	261	310	205	129	169	0	1640	695	1669	5	0	0	0	0	0	0	0	0	0
85	265	315	209	131	172	0	1672	705	1696	5	0	0	0	0	0	0	0	0	0
86	269	320	212	134	174	0	1696	722	1723	5	0	0	0	0	0	0	0	0	0
87	274	325	216	136	177	0	1728	732	1750	5	0	0	0	0	0	0	0	0	0
88	278	330	219	138	180	0	1752	743	1777	5	0	0	0	0	0	0	0	0	0
89	283	335	223	140	183	0	1784	754	1804	6	0	0	0	0	0	0	0	0	0
90	287	341	226	142	186	0	1808	765	1836	6	0	0	0	0	0	0	0	0	0
91	292	346	230	144	189	0	1840	775	1863	6	0	0	0	0	0	0	0	0	0
92	296	351	233	147	192	0	1864	792	1890	6	0	0	0	0	0	0	0	0	0
93	301	357	237	149	195	0	1896	802	1922	6	0	0	0	0	0	0	0	0	0
94	305	362	241	151	198	0	1928	813	1949	6	0	0	0	0	0	0	0	0	0
95	310	367	244	153	201	0	1952	824	1976	6	0	0	0	0	0	0	0	0	0
96	314	373	248	156	204	0	1984	840	2008	6	0	0	0	0	0	0	0	0	0
97	319	378	252	158	207	0	2016	851	2035	6	0	0	0	0	0	0	0	0	0
98	324	384	255	160	210	0	2040	862	2068	6	0	0	0	0	0	0	0	0	0
99	328	389	259	162	213	0	2072	872	2095	6	0	0	0	0	0	0	0	0	0
100	333	395	263	165	216	0	2104	888	2127	6	0	0	0	0	0	0	0	0	0
101	338	400	266	167	219	0	2128	899	2154	6	0	0	0	0	0	0	0	0	0
102	343	406	270	169	222	0	2160	910	2186	6	0	0	0	0	0	0	0	0	0
103	347	411	274	172	225	0	2192	926	2213	7	0	0	0	0	0	0	0	0	0
104	352	417	278	174	228	0	2224	937	2245	7	0	0	0	0	0	0	0	0	0
105	357	423	281	176	232	0	2248	948	2278	7	0	0	0	0	0	0	0	0	0
106	362	428	285	179	235	0	2280	964	2305	7	0	0	0	0	0	0	0	0	0
107	367	434	289	181	238	0	2312	975	2337	7	0	0	0	0	0	0	0	0	0
108	371	440	293	184	241	0	2344	991	2369	7	0	0	0	0	0	0	0	0	0
109	376	446	297	186	244	0	2376	1002	2402	7	0	0	0	0	0	0	0	0	0
110	381	451	301	188	247	0	2408	1012	2428	7	0	0	0	0	0	0	0	0	0
111	386	457	304	191	251	0	2432	1028	2461	7	0	0	0	0	0	0	0	0	0
112	391	463	308	193	254	0	2464	1039	2493	7	0	0	0	0	0	0	0	0	0
113	396	469	312	196	257	0	2496	1055	2525	7	0	0	0	0	0	0	0	0	0
114	401	475	316	198	260	0	2528	1066	2558	7	0	0	0	0	0	0	0	0	0
115	406	481	320	201	264	0	2560	1082	2590	7	0	0	0	0	0	0	0	0	0
116	411	487	324	203	267	0	2592	1093	2622	8	0	0	0	0	0	0	0	0	0
117	416	492	328	205	270	0	2624	1104	2649	8	0	0	0	0	0	0	0	0	0
118	421	498	332	208	274	0	2656	1120	2682	8	0	0	0	0	0	0	0	0	0
119	426	504	336	210	277	0	2688	1131	2714	8	0	0	0	0	0	0	0	0	0
120	431	510	340	213	280	0	2720	1147	2746	8	0	0	0	0	0	0	0	0	0
121	437	517	344	215	284	0	2752	1158	2784	8	0	0	0	0	0	0	0	0	0
9																			
LV	STR	Dex	CON	WIS	INT	CHA	MAX HP	MAX MP	MAX SP	MAX AC	MAX AR	MAX DR	FIRE	WATER	EARTH	AIR	MAGIC	MIN DMG	MAX DMG
1	7	8	8	16	17	0	64	86	43	2	0	0	0	0	0	0	0	0	0
2	8	9	9	17	18	0	72	92	48	2	0	0	0	0	0	0	0	0	0
3	8	10	9	18	19	0	72	97	54	2	0	0	0	0	0	0	0	0	0
4	9	10	10	19	20	0	80	102	54	2	0	0	0	0	0	0	0	0	0
5	10	11	10	20	22	0	80	108	59	2	0	0	0	0	0	0	0	0	0
6	11	12	11	21	23	0	88	113	65	2	0	0	0	0	0	0	0	0	0
7	12	14	12	23	25	0	96	124	75	2	0	0	0	0	0	0	0	0	0
8	13	15	13	24	26	0	104	129	81	2	0	0	0	0	0	0	0	0	0
9	14	16	14	26	28	0	112	140	86	2	0	0	0	0	0	0	0	0	0
10	15	17	15	28	30	0	120	151	92	2	0	0	0	0	0	0	0	0	0
11	17	19	16	29	32	0	128	156	102	2	0	0	0	0	0	0	0	0	0
12	18	20	17	31	34	0	136	167	108	2	0	0	0	0	0	0	0	0	0
13	19	22	18	33	36	0	144	178	118	2	0	0	0	0	0	0	0	0	0
14	21	23	19	35	38	0	152	188	124	2	0	0	0	0	0	0	0	0	0
15	22	25	20	37	40	0	160	199	135	3	0	0	0	0	0	0	0	0	0
16	24	27	21	39	43	0	168	210	145	3	0	0	0	0	0	0	0	0	0
17	26	28	22	41	45	0	176	221	151	3	0	0	0	0	0	0	0	0	0
18	27	30	24	43	48	0	192	232	162	3	0	0	0	0	0	0	0	0	0
19	29	32	25	46	50	0	200	248	172	3	0	0	0	0	0	0	0	0	0
20	31	34	26	48	53	0	208	258	183	3	0	0	0	0	0	0	0	0	0
21	32	36	28	50	55	0	224	269	194	3	0	0	0	0	0	0	0	0	0
22	34	38	29	53	58	0	232	285	205	3	0	0	0	0	0	0	0	0	0
23	36	40	31	55	61	0	248	296	215	3	0	0	0	0	0	0	0	0	0
24	38	42	32	58	64	0	256	312	226	3	0	0	0	0	0	0	0	0	0
25	40	44	34	60	67	0	272	323	237	3	0	0	0	0	0	0	0	0	0
26	42	46	35	63	70	0	280	339	248	3	0	0	0	0	0	0	0	0	0
27	44	48	37	66	73	0	296	355	258	3	0	0	0	0	0	0	0	0	0
28	46	51	38	68	76	0	304	366	275	3	0	0	0	0	0	0	0	0	0
29	48	53	40	71	79	0	320	382	285	3	0	0	0	0	0	0	0	0	0
30	50	55	41	74	82	0	328	398	296	3	0	0	0	0	0	0	0	0	0
31	52	57	43	77	85	0	344	415	307	3	0	0	0	0	0	0	0	0	0
32	54	60	45	80	88	0	360	431	323	3	0	0	0	0	0	0	0	0	0
33	56	62	46	83	92	0	368	447	334	3	0	0	0	0	0	0	0	0	0
34	58	65	48	86	95	0	384	463	350	3	0	0	0	0	0	0	0	0	0
35	61	67	50	89	98	0	400	479	361	3	0	0	0	0	0	0	0	0	0
36	63	70	52	92	102	0	416	495	377	3	0	0	0	0	0	0	0	0	0
37	65	72	53	95	105	0	424	512	388	3	0	0	0	0	0	0	0	0	0
38	67	75	55	98	109	0	440	528	404	3	0	0	0	0	0	0	0	0	0
39	70	77	57	101	112	0	456	544	415	3	0	0	0	0	0	0	0	0	0
40	72	80	59	104	116	0	472	560	431	3	0	0	0	0	0	0	0	0	0
41	75	83	61	108	120	0	488	582	447	3	0	0	0	0	0	0	0	0	0
42	77	85	63	111	123	0	504	598	458	3	0	0	0	0	0	0	0	0	0
43	79	88	65	114	127	0	520	614	474	3	0	0	0	0	0	0	0	0	0
44	82	91	67	118	131	0	536	635	490	3	0	0	0	0	0	0	0	0	0
45	84	94	69	121	135	0	552	652	506	3	0	0	0	0	0	0	0	0	0
46	87	96	71	124	139	0	568	668	517	3	0	0	0	0	0	0	0	0	0
47	90	99	73	128	143	0	584	689	533	3	0	0	0	0	0	0	0	0	0
48	92	102	75	131	147	0	600	705	549	3	0	0	0	0	0	0	0	0	0
49	95	105	77	135	151	0	616	727	565	3	0	0	0	0	0	0	0	0	0
50	97	108	79	139	155	0	632	748	582	3	0	0	0	0	0	0	0	0	0
51	100	111	81	142	159	0	648	765	598	3	0	0	0	0	0	0	0	0	0
52	103	114	83	146	163	0	664	786	614	3	0	0	0	0	0	0	0	0	0
53	105	117	85	150	167	0	680	808	630	3	0	0	0	0	0	0	0	0	0
54	108	120	87	153	171	0	696	824	646	3	0	0	0	0	0	0	0	0	0
55	111	123	89	157	175	0	712	845	662	3	0	0	0	0	0	0	0	0	0
56	114	126	92	161	179	0	736	867	678	3	0	0	0	0	0	0	0	0	0
57	117	129	94	165	184	0	752	888	695	3	0	0	0	0	0	0	0	0	0
58	119	132	96	169	188	0	768	910	711	3	0	0	0	0	0	0	0	0	0
59	122	135	98	172	192	0	784	926	727	4	0	0	0	0	0	0	0	0	0
60	125	139	100	176	197	0	800	948	748	4	0	0	0	0	0	0	0	0	0
61	128	142	103	180	201	0	824	969	765	4	0	0	0	0	0	0	0	0	0
62	131	145	105	184	206	0	840	991	781	4	0	0	0	0	0	0	0	0	0
63	134	148	107	188	210	0	856	1012	797	4	0	0	0	0	0	0	0	0	0
64	137	151	110	192	215	0	880	1034	813	4	0	0	0	0	0	0	0	0	0
65	140	155	112	196	219	0	896	1055	835	4	0	0	0	0	0	0	0	0	0
66	143	158	114	200	224	0	912	1077	851	4	0	0	0	0	0	0	0	0	0
67	146	161	117	205	228	0	936	1104	867	4	0	0	0	0	0	0	0	0	0
68	149	165	119	209	233	0	952	1125	888	4	0	0	0	0	0	0	0	0	0
69	152	168	122	213	238	0	976	1147	905	4	0	0	0	0	0	0	0	0	0
70	155	172	124	217	243	0	992	1168	926	4	0	0	0	0	0	0	0	0	0
71	158	175	126	221	247	0	1008	1190	942	4	0	0	0	0	0	0	0	0	0
72	161	179	129	226	252	0	1032	1217	964	4	0	0	0	0	0	0	0	0	0
73	165	182	131	230	257	0	1048	1238	980	4	0	0	0	0	0	0	0	0	0
74	168	186	134	234	262	0	1072	1260	1002	4	0	0	0	0	0	0	0	0	0
75	171	189	136	239	267	0	1088	1287	1018	5	0	0	0	0	0	0	0	0	0
76	174	193	139	243	272	0	1112	1308	1039	5	0	0	0	0	0	0	0	0	0
77	178	196	141	247	276	0	1128	1330	1055	5	0	0	0	0	0	0	0	0	0
78	181	200	144	252	281	0	1152	1357	1077	5	0	0	0	0	0	0	0	0	0
79	184	204	147	256	286	0	1176	1378	1098	5	0	0	0	0	0	0	0	0	0
80	187	207	149	261	291	0	1192	1405	1115	5	0	0	0	0	0	0	0	0	0
81	191	211	152	265	297	0	1216	1427	1136	5	0	0	0	0	0	0	0	0	0
82	194	215	154	270	302	0	1232	1454	1158	5	0	0	0	0	0	0	0	0	0
83	197	218	157	274	307	0	1256	1475	1174	5	0	0	0	0	0	0	0	0	0
84	201	222	160	279	312	0	1280	1502	1195	5	0	0	0	0	0	0	0	0	0
85	204	226	162	283	317	0	1296	1524	1217	5	0	0	0	0	0	0	0	0	0
86	208	230	165	288	322	0	1320	1551	1238	5	0	0	0	0	0	0	0	0	0
87	211	233	168	293	328	0	1344	1578	1255	5	0	0	0	0	0	0	0	0	0
88	215	237	170	297	333	0	1360	1599	1276	5	0	0	0	0	0	0	0	0	0
89	218	241	173	302	338	0	1384	1626	1298	6	0	0	0	0	0	0	0	0	0
90	221	245	176	307	343	0	1408	1653	1319	6	0	0	0	0	0	0	0	0	0
91	225	249	179	312	349	0	1432	1680	1341	6	0	0	0	0	0	0	0	0	0
92	229	253	181	316	354	0	1448	1702	1362	6	0	0	0	0	0	0	0	0	0
93	232	257	184	321	359	0	1472	1728	1384	6	0	0	0	0	0	0	0	0	0
94	236	260	187	326	365	0	1496	1755	1400	6	0	0	0	0	0	0	0	0	0
95	239	264	190	331	370	0	1520	1782	1422	6	0	0	0	0	0	0	0	0	0
96	243	268	193	336	376	0	1544	1809	1443	6	0	0	0	0	0	0	0	0	0
97	246	272	195	341	381	0	1560	1836	1465	6	0	0	0	0	0	0	0	0	0
98	250	276	198	346	387	0	1584	1863	1486	6	0	0	0	0	0	0	0	0	0
99	254	280	201	351	392	0	1608	1890	1508	6	0	0	0	0	0	0	0	0	0
100	257	285	204	356	398	0	1632	1917	1535	6	0	0	0	0	0	0	0	0	0
101	261	289	207	361	404	0	1656	1944	1556	6	0	0	0	0	0	0	0	0	0
102	265	293	210	366	409	0	1680	1971	1578	6	0	0	0	0	0	0	0	0	0
103	269	297	213	371	415	0	1704	1998	1599	6	0	0	0	0	0	0	0	0	0
104	272	301	216	376	421	0	1728	2025	1621	6	0	0	0	0	0	0	0	0	0
105	276	305	219	381	426	0	1752	2052	1642	6	0	0	0	0	0	0	0	0	0
106	280	309	221	386	432	0	1768	2078	1664	6	0	0	0	0	0	0	0	0	0
107	284	313	224	391	438	0	1792	2105	1685	6	0	0	0	0	0	0	0	0	0
108	287	318	227	396	444	0	1816	2132	1712	6	0	0	0	0	0	0	0	0	0
109	291	322	230	402	450	0	1840	2165	1734	6	0	0	0	0	0	0	0	0	0
110	295	326	233	407	455	0	1864	2192	1755	6	0	0	0	0	0	0	0	0	0
111	299	330	236	412	461	0	1888	2218	1777	6	0	0	0	0	0	0	0	0	0
112	303	335	239	417	467	0	1912	2245	1804	6	0	0	0	0	0	0	0	0	0
113	307	339	243	423	473	0	1944	2278	1825	6	0	0	0	0	0	0	0	0	0
114	311	343	246	428	479	0	1968	2305	1847	6	0	0	0	0	0	0	0	0	0
115	315	348	249	433	485	0	1992	2332	1874	6	0	0	0	0	0	0	0	0	0
116	318	352	252	438	491	0	2016	2358	1895	7	0	0	0	0	0	0	0	0	0
117	322	356	255	444	497	0	2040	2391	1917	7	0	0	0	0	0	0	0	0	0
118	326	361	258	449	503	0	2064	2418	1944	7	0	0	0	0	0	0	0	0	0
119	330	365	261	455	509	0	2088	2450	1965	7	0	0	0	0	0	0	0	0	0
120	334	370	264	460	515	0	2112	2477	1992	7	0	0	0	0	0	0	0	0	0
121	338	374	267	466	521	0	2136	2509	2014	7	0	0	0	0	0	0	0	0	0
377																			
LV	STR	Dex	CON	WIS	INT	CHA	MAX HP	MAX MP	MAX SP	MAX AC	MAX AR	MAX DR	FIRE	WATER	EARTH	AIR	MAGIC	MIN DMG	MAX DMG
1	15	13	13	8	7	0	104	43	70	3	0	0	0	0	0	0	0	0	0
2	16	14	14	9	8	0	112	48	75	3	0	0	0	0	0	0	0	0	0
3	17	15	15	9	8	0	120	48	81	3	0	0	0	0	0	0	0	0	0
4	18	16	15	9	9	0	120	48	86	3	0	0	0	0	0	0	0	0	0
5	19	17	16	10	10	0	128	54	92	3	0	0	0	0	0	0	0	0	0
6	20	19	17	11	10	0	136	59	102	3	0	0	0	0	0	0	0	0	0
7	22	20	19	11	11	0	152	59	108	3	0	0	0	0	0	0	0	0	0
8	23	22	20	12	12	0	160	65	118	3	0	0	0	0	0	0	0	0	0
9	25	23	21	13	13	0	168	70	124	3	0	0	0	0	0	0	0	0	0
10	26	25	22	14	14	0	176	75	135	3	0	0	0	0	0	0	0	0	0
11	28	27	24	14	15	0	192	75	145	3	0	0	0	0	0	0	0	0	0
12	30	29	25	15	17	0	200	81	156	3	0	0	0	0	0	0	0	0	0
13	32	31	27	16	18	0	216	86	167	3	0	0	0	0	0	0	0	0	0
14	34	33	28	17	19	0	224	92	178	3	0	0	0	0	0	0	0	0	0
15	36	35	30	18	20	0	240	97	188	4	0	0	0	0	0	0	0	0	0
16	38	37	32	19	22	0	256	102	199	4	0	0	0	0	0	0	0	0	0
17	40	40	33	20	23	0	264	108	215	4	0	0	0	0	0	0	0	0	0
18	42	42	35	21	24	0	280	113	226	4	0	0	0	0	0	0	0	0	0
19	44	44	37	22	26	0	296	118	237	4	0	0	0	0	0	0	0	0	0
20	46	47	39	24	27	0	312	129	253	4	0	0	0	0	0	0	0	0	0
21	49	49	41	25	29	0	328	135	264	4	0	0	0	0	0	0	0	0	0
22	51	52	43	26	30	0	344	140	280	4	0	0	0	0	0	0	0	0	0
23	54	54	45	27	32	0	360	145	291	4	0	0	0	0	0	0	0	0	0
24	56	57	47	28	33	0	376	151	307	4	0	0	0	0	0	0	0	0	0
25	59	60	49	30	35	0	392	162	323	4	0	0	0	0	0	0	0	0	0
26	61	63	51	31	37	0	408	167	339	4	0	0	0	0	0	0	0	0	0
27	64	65	53	32	38	0	424	172	350	4	0	0	0	0	0	0	0	0	0
28	67	68	55	33	40	0	440	178	366	4	0	0	0	0	0	0	0	0	0
29	69	71	57	35	42	0	456	188	382	4	0	0	0	0	0	0	0	0	0
30	72	74	60	36	44	0	480	194	398	4	0	0	0	0	0	0	0	0	0
31	75	77	62	38	46	0	496	205	415	4	0	0	0	0	0	0	0	0	0
32	78	80	64	39	47	0	512	210	431	4	0	0	0	0	0	0	0	0	0
33	81	83	67	40	49	0	536	215	447	4	0	0	0	0	0	0	0	0	0
34	84	87	69	42	51	0	552	226	468	4	0	0	0	0	0	0	0	0	0
35	87	90	72	43	53	0	576	232	485	4	0	0	0	0	0	0	0	0	0
36	90	93	74	45	55	0	592	242	501	4	0	0	0	0	0	0	0	0	0
37	93	96	77	46	57	0	616	248	517	4	0	0	0	0	0	0	0	0	0
38	96	100	79	48	59	0	632	258	538	4	0	0	0	0	0	0	0	0	0
39	99	103	82	49	61	0	656	264	555	4	0	0	0	0	0	0	0	0	0
40	102	106	84	51	63	0	672	275	571	5	0	0	0	0	0	0	0	0	0
41	105	110	87	53	65	0	696	285	592	5	0	0	0	0	0	0	0	0	0
42	109	113	90	54	67	0	720	291	608	5	0	0	0	0	0	0	0	0	0
43	112	117	92	56	69	0	736	302	630	5	0	0	0	0	0	0	0	0	0
44	115	120	95	58	71	0	760	312	646	5	0	0	0	0	0	0	0	0	0
45	119	124	98	59	74	0	784	318	668	5	0	0	0	0	0	0	0	0	0
46	122	128	101	61	76	0	808	328	689	5	0	0	0	0	0	0	0	0	0
47	126	131	103	63	78	0	824	339	705	5	0	0	0	0	0	0	0	0	0
48	129	135	106	64	80	0	848	345	727	5	0	0	0	0	0	0	0	0	0
49	133	139	109	66	83	0	872	355	748	5	0	0	0	0	0	0	0	0	0
50	136	143	112	68	85	0	896	366	770	5	0	0	0	0	0	0	0	0	0
51	140	147	115	70	87	0	920	377	792	5	0	0	0	0	0	0	0	0	0
52	143	150	118	71	89	0	944	382	808	5	0	0	0	0	0	0	0	0	0
53	147	154	121	73	92	0	968	393	829	5	0	0	0	0	0	0	0	0	0
54	151	158	124	75	94	0	992	404	851	5	0	0	0	0	0	0	0	0	0
55	154	162	127	77	97	0	1016	415	872	5	0	0	0	0	0	0	0	0	0
56	158	166	130	79	99	0	1040	425	894	5	0	0	0	0	0	0	0	0	0
57	162	170	133	80	101	0	1064	431	915	5	0	0	0	0	0	0	0	0	0
58	166	174	136	82	104	0	1088	442	937	5	0	0	0	0	0	0	0	0	0
59	169	178	139	84	106	0	1112	452	958	6	0	0	0	0	0	0	0	0	0
60	173	183	142	86	109	0	1136	463	985	6	0	0	0	0	0	0	0	0	0
61	177	187	146	88	111	0	1168	474	1007	6	0	0	0	0	0	0	0	0	0
62	181	191	149	90	114	0	1192	485	1028	6	0	0	0	0	0	0	0	0	0
63	185	195	152	92	116	0	1216	495	1050	6	0	0	0	0	0	0	0	0	0
64	189	199	155	94	119	0	1240	506	1072	6	0	0	0	0	0	0	0	0	0
65	193	204	159	96	121	0	1272	517	1098	6	0	0	0	0	0	0	0	0	0
66	197	208	162	98	124	0	1296	528	1120	6	0	0	0	0	0	0	0	0	0
67	201	212	165	100	127	0	1320	538	1142	6	0	0	0	0	0	0	0	0	0
68	205	217	169	102	129	0	1352	549	1168	6	0	0	0	0	0	0	0	0	0
69	209	221	172	104	132	0	1376	560	1190	6	0	0	0	0	0	0	0	0	0
70	213	226	175	106	135	0	1400	571	1217	6	0	0	0	0	0	0	0	0	0
71	218	230	179	108	137	0	1432	582	1238	6	0	0	0	0	0	0	0	0	0
72	222	235	182	110	140	0	1456	592	1265	6	0	0	0	0	0	0	0	0	0
73	226	239	186	112	143	0	1488	603	1287	6	0	0	0	0	0	0	0	0	0
74	230	244	189	114	145	0	1512	614	1314	6	0	0	0	0	0	0	0	0	0
75	235	248	193	116	148	0	1544	625	1335	7	0	0	0	0	0	0	0	0	0
76	239	253	196	119	151	0	1568	641	1362	7	0	0	0	0	0	0	0	0	0
77	243	258	200	121	154	0	1600	652	1389	7	0	0	0	0	0	0	0	0	0
78	248	262	203	123	157	0	1624	662	1411	7	0	0	0	0	0	0	0	0	0
79	252	267	207	125	159	0	1656	673	1438	7	0	0	0	0	0	0	0	0	0
80	257	272	211	127	162	0	1688	684	1465	7	0	0	0	0	0	0	0	0	0
81	261	277	214	129	165	0	1712	695	1492	7	0	0	0	0	0	0	0	0	0
82	265	281	218	132	168	0	1744	711	1513	7	0	0	0	0	0	0	0	0	0
83	270	286	222	134	171	0	1776	722	1540	7	0	0	0	0	0	0	0	0	0
84	275	291	225	136	174	0	1800	732	1567	7	0	0	0	0	0	0	0	0	0
85	279	296	229	138	177	0	1832	743	1594	7	0	0	0	0	0	0	0	0	0
86	284	301	233	141	180	0	1864	759	1621	7	0	0	0	0	0	0	0	0	0
87	288	306	237	143	183	0	1896	770	1648	7	0	0	0	0	0	0	0	0	0
88	293	311	240	145	186	0	1920	781	1675	7	0	0	0	0	0	0	0	0	0
89	298	316	244	147	189	0	1952	792	1702	8	0	0	0	0	0	0	0	0	0
90	302	321	248	150	192	0	1984	808	1728	8	0	0	0	0	0	0	0	0	0
91	307	326	252	152	195	0	2016	818	1755	8	0	0	0	0	0	0	0	0	0
92	312	331	256	154	198	0	2048	829	1782	8	0	0	0	0	0	0	0	0	0
93	316	336	260	157	201	0	2080	845	1809	8	0	0	0	0	0	0	0	0	0
94	321	341	264	159	204	0	2112	856	1836	8	0	0	0	0	0	0	0	0	0
95	326	346	267	161	207	0	2136	867	1863	8	0	0	0	0	0	0	0	0	0
96	331	351	271	164	210	0	2168	883	1890	8	0	0	0	0	0	0	0	0	0
97	336	357	275	166	213	0	2200	894	1922	8	0	0	0	0	0	0	0	0	0
98	341	362	279	169	216	0	2232	910	1949	8	0	0	0	0	0	0	0	0	0
99	345	367	283	171	219	0	2264	921	1976	8	0	0	0	0	0	0	0	0	0
100	350	372	287	173	223	0	2296	932	2003	8	0	0	0	0	0	0	0	0	0
101	355	378	291	176	226	0	2328	948	2035	8	0	0	0	0	0	0	0	0	0
102	360	383	295	178	229	0	2360	958	2062	8	0	0	0	0	0	0	0	0	0
103	365	388	300	181	232	0	2400	975	2089	9	0	0	0	0	0	0	0	0	0
104	370	394	304	183	235	0	2432	985	2122	9	0	0	0	0	0	0	0	0	0
105	375	399	308	186	239	0	2464	1002	2148	9	0	0	0	0	0	0	0	0	0
106	380	404	312	188	242	0	2496	1012	2175	9	0	0	0	0	0	0	0	0	0
107	385	410	316	191	245	0	2528	1028	2208	9	0	0	0	0	0	0	0	0	0
108	390	415	320	193	248	0	2560	1039	2235	9	0	0	0	0	0	0	0	0	0
109	396	421	324	196	252	0	2592	1055	2267	9	0	0	0	0	0	0	0	0	0
110	401	426	329	198	255	0	2632	1066	2294	9	0	0	0	0	0	0	0	0	0
111	406	432	333	201	258	0	2664	1082	2326	9	0	0	0	0	0	0	0	0	0
112	411	437	337	203	262	0	2696	1093	2353	9	0	0	0	0	0	0	0	0	0
113	416	443	341	206	265	0	2728	1109	2385	9	0	0	0	0	0	0	0	0	0
114	422	449	346	209	268	0	2768	1125	2418	9	0	0	0	0	0	0	0	0	0
115	427	454	350	211	272	0	2800	1136	2445	9	0	0	0	0	0	0	0	0	0
116	432	460	354	214	275	0	2832	1152	2477	10	0	0	0	0	0	0	0	0	0
117	437	466	359	216	279	0	2872	1163	2509	10	0	0	0	0	0	0	0	0	0
118	443	471	363	219	282	0	2904	1179	2536	10	0	0	0	0	0	0	0	0	0
119	448	477	367	222	285	0	2936	1195	2568	10	0	0	0	0	0	0	0	0	0
120	453	483	372	224	289	0	2976	1206	2601	10	0	0	0	0	0	0	0	0	0
121	459	488	376	227	292	0	3008	1222	2628	10	0	0	0	0	0	0	0	0	0
1722																			
LV	STR	Dex	CON	WIS	INT	CHA	MAX HP	MAX MP	MAX SP	MAX AC	MAX AR	MAX DR	FIRE	WATER	EARTH	AIR	MAGIC	MIN DMG	MAX DMG
1	17	11	11	9	10	0	88	48	59	3	0	0	0	0	0	0	0	0	0
2	18	12	13	10	11	0	104	54	65	3	0	0	0	0	0	0	0	0	0
3	20	12	15	10	12	0	120	54	65	3	0	0	0	0	0	0	0	0	0
4	22	13	17	11	13	0	136	59	70	3	0	0	0	0	0	0	0	0	0
5	25	13	19	12	15	0	152	65	70	3	0	0	0	0	0	0	0	0	0
6	27	14	21	13	17	0	168	70	75	3	0	0	0	0	0	0	0	0	0
7	30	15	23	14	19	0	184	75	81	3	0	0	0	0	0	0	0	0	0
8	33	16	26	15	21	0	208	81	86	3	0	0	0	0	0	0	0	0	0
9	37	17	28	16	23	0	224	86	92	3	0	0	0	0	0	0	0	0	0
10	40	18	30	18	26	0	240	97	97	3	0	0	0	0	0	0	0	0	0
11	44	19	33	19	28	0	264	102	102	3	0	0	0	0	0	0	0	0	0
12	48	20	35	20	31	0	280	108	108	3	0	0	0	0	0	0	0	0	0
13	51	21	38	22	33	0	304	118	113	3	0	0	0	0	0	0	0	0	0
14	56	23	40	23	36	0	320	124	124	3	0	0	0	0	0	0	0	0	0
15	60	24	43	24	39	0	344	129	129	3	0	0	0	0	0	0	0	0	0
16	64	25	46	26	42	0	368	140	135	3	0	0	0	0	0	0	0	0	0
17	69	27	48	28	45	0	384	151	145	3	0	0	0	0	0	0	0	0	0
18	73	28	51	29	48	0	408	156	151	3	0	0	0	0	0	0	0	0	0
19	78	30	54	31	51	0	432	167	162	3	0	0	0	0	0	0	0	0	0
20	83	31	56	33	54	0	448	178	167	3	0	0	0	0	0	0	0	0	0
21	87	33	59	34	58	0	472	183	178	3	0	0	0	0	0	0	0	0	0
22	93	34	62	36	61	0	496	194	183	3	0	0	0	0	0	0	0	0	0
23	98	36	65	38	65	0	520	205	194	4	0	0	0	0	0	0	0	0	0
24	103	38	68	40	68	0	544	215	205	4	0	0	0	0	0	0	0	0	0
25	108	40	70	42	72	0	560	226	215	4	0	0	0	0	0	0	0	0	0
26	114	42	73	44	76	0	584	237	226	4	0	0	0	0	0	0	0	0	0
27	119	43	76	45	79	0	608	242	232	4	0	0	0	0	0	0	0	0	0
28	125	45	79	47	83	0	632	253	242	4	0	0	0	0	0	0	0	0	0
29	131	47	82	49	87	0	656	264	253	4	0	0	0	0	0	0	0	0	0
30	136	49	85	52	91	0	680	280	264	4	0	0	0	0	0	0	0	0	0
31	142	51	88	54	95	0	704	291	275	4	0	0	0	0	0	0	0	0	0
32	148	53	91	56	99	0	728	302	285	4	0	0	0	0	0	0	0	0	0
33	154	55	94	58	103	0	752	312	296	4	0	0	0	0	0	0	0	0	0
34	160	57	97	60	108	0	776	323	307	4	0	0	0	0	0	0	0	0	0
35	167	60	100	62	112	0	800	334	323	4	0	0	0	0	0	0	0	0	0
36	173	62	103	65	116	0	824	350	334	4	0	0	0	0	0	0	0	0	0
37	179	64	106	67	121	0	848	361	345	4	0	0	0	0	0	0	0	0	0
38	186	66	109	69	125	0	872	372	355	4	0	0	0	0	0	0	0	0	0
39	192	69	112	71	129	0	896	382	372	4	0	0	0	0	0	0	0	0	0
40	199	71	115	74	134	0	920	398	382	4	0	0	0	0	0	0	0	0	0
41	206	73	119	76	139	0	952	409	393	4	0	0	0	0	0	0	0	0	0
42	213	76	122	79	143	0	976	425	409	4	0	0	0	0	0	0	0	0	0
43	220	78	125	81	148	0	1000	436	420	4	0	0	0	0	0	0	0	0	0
44	226	81	128	83	153	0	1024	447	436	4	0	0	0	0	0	0	0	0	0
45	234	83	131	86	157	0	1048	463	447	4	0	0	0	0	0	0	0	0	0
46	241	86	134	88	162	0	1072	474	463	4	0	0	0	0	0	0	0	0	0
47	248	88	138	91	167	0	1104	490	474	4	0	0	0	0	0	0	0	0	0
48	255	91	141	94	172	0	1128	506	490	4	0	0	0	0	0	0	0	0	0
49	262	93	144	96	177	0	1152	517	501	4	0	0	0	0	0	0	0	0	0
50	270	96	147	99	182	0	1176	533	517	4	0	0	0	0	0	0	0	0	0
51	277	99	151	101	187	0	1208	544	533	4	0	0	0	0	0	0	0	0	0
52	285	102	154	104	192	0	1232	560	549	4	0	0	0	0	0	0	0	0	0
53	292	104	157	107	198	0	1256	576	560	4	0	0	0	0	0	0	0	0	0
54	300	107	161	109	203	0	1288	587	576	5	0	0	0	0	0	0	0	0	0
55	308	110	164	112	208	0	1312	603	592	5	0	0	0	0	0	0	0	0	0
56	315	113	167	115	213	0	1336	619	608	5	0	0	0	0	0	0	0	0	0
57	323	116	170	118	219	0	1360	635	625	5	0	0	0	0	0	0	0	0	0
58	331	118	174	120	224	0	1392	646	635	5	0	0	0	0	0	0	0	0	0
59	339	121	177	123	229	0	1416	662	652	5	0	0	0	0	0	0	0	0	0
60	347	124	181	126	235	0	1448	678	668	5	0	0	0	0	0	0	0	0	0
61	355	127	184	129	240	0	1472	695	684	5	0	0	0	0	0	0	0	0	0
62	363	130	187	132	246	0	1496	711	700	5	0	0	0	0	0	0	0	0	0
63	371	133	191	135	252	0	1528	727	716	5	0	0	0	0	0	0	0	0	0
64	380	136	194	138	257	0	1552	743	732	5	0	0	0	0	0	0	0	0	0
65	388	139	198	141	263	0	1584	759	748	5	0	0	0	0	0	0	0	0	0
66	396	143	201	144	269	0	1608	775	770	5	0	0	0	0	0	0	0	0	0
67	405	146	204	147	274	0	1632	792	786	5	0	0	0	0	0	0	0	0	0
68	413	149	208	150	280	0	1664	808	802	5	0	0	0	0	0	0	0	0	0
69	422	152	211	153	286	0	1688	824	818	5	0	0	0	0	0	0	0	0	0
70	431	155	215	156	292	0	1720	840	835	5	0	0	0	0	0	0	0	0	0
71	439	158	218	159	298	0	1744	856	851	5	0	0	0	0	0	0	0	0	0
72	448	162	222	162	304	0	1776	872	872	5	0	0	0	0	0	0	0	0	0
73	457	165	225	165	310	0	1800	888	888	5	0	0	0	0	0	0	0	0	0
74	466	168	229	168	316	0	1832	905	905	5	0	0	0	0	0	0	0	0	0
75	475	172	232	171	322	0	1856	921	926	5	0	0	0	0	0	0	0	0	0
76	483	175	236	174	328	0	1888	937	942	6	0	0	0	0	0	0	0	0	0
77	492	178	239	177	334	0	1912	953	958	6	0	0	0	0	0	0	0	0	0
78	502	182	243	181	340	0	1944	975	980	6	0	0	0	0	0	0	0	0	0
79	511	185	246	184	347	0	1968	991	996	6	0	0	0	0	0	0	0	0	0
80	520	189	250	187	353	0	2000	1007	1018	6	0	0	0	0	0	0	0	0	0
81	529	192	253	190	359	0	2024	1023	1034	6	0	0	0	0	0	0	0	0	0
82	538	196	257	194	366	0	2056	1045	1055	6	0	0	0	0	0	0	0	0	0
83	548	199	261	197	372	0	2088	1061	1072	6	0	0	0	0	0	0	0	0	0
84	557	203	264	200	378	0	2112	1077	1093	6	0	0	0	0	0	0	0	0	0
85	566	207	268	204	385	0	2144	1098	1115	6	0	0	0	0	0	0	0	0	0
86	576	210	271	207	391	0	2168	1115	1131	6	0	0	0	0	0	0	0	0	0
87	585	214	275	210	398	0	2200	1131	1152	6	0	0	0	0	0	0	0	0	0
88	595	218	279	214	404	0	2232	1152	1174	6	0	0	0	0	0	0	0	0	0
89	605	221	282	217	411	0	2256	1168	1190	6	0	0	0	0	0	0	0	0	0
90	614	225	286	221	417	0	2288	1190	1212	6	0	0	0	0	0	0	0	0	0
91	624	229	289	224	424	0	2312	1206	1233	6	0	0	0	0	0	0	0	0	0
92	634	232	293	227	431	0	2344	1222	1249	6	0	0	0	0	0	0	0	0	0
93	644	236	297	231	437	0	2376	1244	1271	6	0	0	0	0	0	0	0	0	0
94	654	240	300	234	444	0	2400	1260	1292	6	0	0	0	0	0	0	0	0	0
95	664	244	304	238	451	0	2432	1282	1314	6	0	0	0	0	0	0	0	0	0
96	674	248	308	242	458	0	2464	1303	1335	7	0	0	0	0	0	0	0	0	0
97	684	252	311	245	465	0	2488	1319	1357	7	0	0	0	0	0	0	0	0	0
98	694	255	315	249	472	0	2520	1341	1373	7	0	0	0	0	0	0	0	0	0
99	704	259	319	252	478	0	2552	1357	1395	7	0	0	0	0	0	0	0	0	0
100	714	263	323	256	485	0	2584	1378	1416	7	0	0	0	0	0	0	0	0	0
101	724	267	326	259	492	0	2608	1395	1438	7	0	0	0	0	0	0	0	0	0
102	734	271	330	263	499	0	2640	1416	1459	7	0	0	0	0	0	0	0	0	0
103	745	275	334	267	506	0	2672	1438	1481	7	0	0	0	0	0	0	0	0	0
104	755	279	337	270	513	0	2696	1454	1502	7	0	0	0	0	0	0	0	0	0
105	765	283	341	274	521	0	2728	1475	1524	7	0	0	0	0	0	0	0	0	0
106	776	287	345	278	528	0	2760	1497	1545	7	0	0	0	0	0	0	0	0	0
107	786	292	349	281	535	0	2792	1513	1572	7	0	0	0	0	0	0	0	0	0
108	797	296	352	285	542	0	2816	1535	1594	7	0	0	0	0	0	0	0	0	0
109	807	300	356	289	549	0	2848	1556	1615	7	0	0	0	0	0	0	0	0	0
110	818	304	360	293	556	0	2880	1578	1637	7	0	0	0	0	0	0	0	0	0
111	829	308	364	296	564	0	2912	1594	1658	7	0	0	0	0	0	0	0	0	0
112	839	312	368	300	571	0	2944	1615	1680	7	0	0	0	0	0	0	0	0	0
113	850	317	371	304	578	0	2968	1637	1707	8	0	0	0	0	0	0	0	0	0
114	861	321	375	308	586	0	3000	1658	1728	8	0	0	0	0	0	0	0	0	0
115	872	325	379	312	593	0	3032	1680	1750	8	0	0	0	0	0	0	0	0	0
116	883	329	383	315	601	0	3064	1696	1772	8	0	0	0	0	0	0	0	0	0
117	894	334	387	319	608	0	3096	1718	1798	8	0	0	0	0	0	0	0	0	0
118	905	338	390	323	616	0	3120	1739	1820	8	0	0	0	0	0	0	0	0	0
119	916	342	394	327	623	0	3152	1761	1842	8	0	0	0	0	0	0	0	0	0
120	927	347	398	331	631	0	3184	1782	1868	8	0	0	0	0	0	0	0	0	0
121	938	351	402	335	638	0	3216	1804	1890	8	0	0	0	0	0	0	0	0	0
1723																			
LV	STR	Dex	CON	WIS	INT	CHA	MAX HP	MAX MP	MAX SP	MAX AC	MAX AR	MAX DR	FIRE	WATER	EARTH	AIR	MAGIC	MIN DMG	MAX DMG
1	13	16	10	9	9	0	80	48	86	2	0	0	0	0	0	0	0	0	0
2	14	17	12	10	10	0	96	54	92	2	0	0	0	0	0	0	0	0	0
3	15	18	14	10	11	0	112	54	97	2	0	0	0	0	0	0	0	0	0
4	17	20	16	11	12	0	128	59	108	2	0	0	0	0	0	0	0	0	0
5	19	21	17	11	13	0	136	59	113	2	0	0	0	0	0	0	0	0	0
6	21	23	20	12	14	0	160	65	124	2	0	0	0	0	0	0	0	0	0
7	23	25	22	12	15	0	176	65	135	2	0	0	0	0	0	0	0	0	0
8	26	27	24	13	17	0	192	70	145	2	0	0	0	0	0	0	0	0	0
9	28	29	26	14	18	0	208	75	156	2	0	0	0	0	0	0	0	0	0
10	31	32	28	15	20	0	224	81	172	2	0	0	0	0	0	0	0	0	0
11	34	34	31	16	21	0	248	86	183	2	0	0	0	0	0	0	0	0	0
12	36	37	33	17	23	0	264	92	199	2	0	0	0	0	0	0	0	0	0
13	39	39	35	18	25	0	280	97	210	2	0	0	0	0	0	0	0	0	0
14	43	42	38	19	27	0	304	102	226	2	0	0	0	0	0	0	0	0	0
15	46	45	40	20	29	0	320	108	242	2	0	0	0	0	0	0	0	0	0
16	49	48	43	21	31	0	344	113	258	2	0	0	0	0	0	0	0	0	0
17	53	52	45	22	33	0	360	118	280	2	0	0	0	0	0	0	0	0	0
18	56	55	48	23	35	0	384	124	296	2	0	0	0	0	0	0	0	0	0
19	60	59	50	24	37	0	400	129	318	2	0	0	0	0	0	0	0	0	0
20	64	62	53	25	39	0	424	135	334	2	0	0	0	0	0	0	0	0	0
21	67	66	56	26	41	0	448	140	355	2	0	0	0	0	0	0	0	0	0
22	71	70	58	28	43	0	464	151	377	2	0	0	0	0	0	0	0	0	0
23	75	73	61	29	46	0	488	156	393	3	0	0	0	0	0	0	0	0	0
24	79	77	64	30	48	0	512	162	415	3	0	0	0	0	0	0	0	0	0
25	83	81	66	31	50	0	528	167	436	3	0	0	0	0	0	0	0	0	0
26	88	86	69	33	53	0	552	178	463	3	0	0	0	0	0	0	0	0	0
27	92	90	72	34	55	0	576	183	485	3	0	0	0	0	0	0	0	0	0
28	96	94	74	35	58	0	592	188	506	3	0	0	0	0	0	0	0	0	0
29	101	99	77	37	60	0	616	199	533	3	0	0	0	0	0	0	0	0	0
30	105	103	80	38	63	0	640	205	555	3	0	0	0	0	0	0	0	0	0
31	110	108	83	40	66	0	664	215	582	3	0	0	0	0	0	0	0	0	0
32	114	112	86	41	68	0	688	221	603	3	0	0	0	0	0	0	0	0	0
33	119	117	89	43	71	0	712	232	630	3	0	0	0	0	0	0	0	0	0
34	124	122	91	44	74	0	728	237	657	3	0	0	0	0	0	0	0	0	0
35	129	127	94	46	77	0	752	248	684	3	0	0	0	0	0	0	0	0	0
36	134	132	97	47	79	0	776	253	711	3	0	0	0	0	0	0	0	0	0
37	139	137	100	49	82	0	800	264	738	3	0	0	0	0	0	0	0	0	0
38	144	142	103	50	85	0	824	269	765	3	0	0	0	0	0	0	0	0	0
39	149	147	106	52	88	0	848	280	792	3	0	0	0	0	0	0	0	0	0
40	154	153	109	53	91	0	872	285	824	3	0	0	0	0	0	0	0	0	0
41	159	158	112	55	94	0	896	296	851	3	0	0	0	0	0	0	0	0	0
42	164	163	115	57	97	0	920	307	878	3	0	0	0	0	0	0	0	0	0
43	170	169	118	58	100	0	944	312	910	3	0	0	0	0	0	0	0	0	0
44	175	175	121	60	103	0	968	323	942	3	0	0	0	0	0	0	0	0	0
45	180	180	124	62	106	0	992	334	969	3	0	0	0	0	0	0	0	0	0
46	186	186	127	63	110	0	1016	339	1002	3	0	0	0	0	0	0	0	0	0
47	192	192	130	65	113	0	1040	350	1034	3	0	0	0	0	0	0	0	0	0
48	197	198	133	67	116	0	1064	361	1066	3	0	0	0	0	0	0	0	0	0
49	203	204	136	69	119	0	1088	372	1098	3	0	0	0	0	0	0	0	0	0
50	209	210	139	71	123	0	1112	382	1131	3	0	0	0	0	0	0	0	0	0
51	214	216	142	72	126	0	1136	388	1163	3	0	0	0	0	0	0	0	0	0
52	220	222	145	74	129	0	1160	398	1195	3	0	0	0	0	0	0	0	0	0
53	226	228	148	76	133	0	1184	409	1228	3	0	0	0	0	0	0	0	0	0
54	232	235	152	78	136	0	1216	420	1265	4	0	0	0	0	0	0	0	0	0
55	238	241	155	80	140	0	1240	431	1298	4	0	0	0	0	0	0	0	0	0
56	244	248	158	82	143	0	1264	442	1335	4	0	0	0	0	0	0	0	0	0
57	250	254	161	84	147	0	1288	452	1368	4	0	0	0	0	0	0	0	0	0
58	256	261	164	85	150	0	1312	458	1405	4	0	0	0	0	0	0	0	0	0
59	262	267	167	87	154	0	1336	468	1438	4	0	0	0	0	0	0	0	0	0
60	268	274	171	89	157	0	1368	479	1475	4	0	0	0	0	0	0	0	0	0
61	275	281	174	91	161	0	1392	490	1513	4	0	0	0	0	0	0	0	0	0
62	281	288	177	93	165	0	1416	501	1551	4	0	0	0	0	0	0	0	0	0
63	287	295	180	95	168	0	1440	512	1588	4	0	0	0	0	0	0	0	0	0
64	294	301	183	97	172	0	1464	522	1621	4	0	0	0	0	0	0	0	0	0
65	300	309	187	99	176	0	1496	533	1664	4	0	0	0	0	0	0	0	0	0
66	307	316	190	101	180	0	1520	544	1702	4	0	0	0	0	0	0	0	0	0
67	313	323	193	103	183	0	1544	555	1739	4	0	0	0	0	0	0	0	0	0
68	320	330	196	105	187	0	1568	565	1777	4	0	0	0	0	0	0	0	0	0
69	326	337	200	107	191	0	1600	576	1815	4	0	0	0	0	0	0	0	0	0
70	333	345	203	110	195	0	1624	592	1858	4	0	0	0	0	0	0	0	0	0
71	340	352	206	112	199	0	1648	603	1895	4	0	0	0	0	0	0	0	0	0
72	347	359	210	114	203	0	1680	614	1933	4	0	0	0	0	0	0	0	0	0
73	353	367	213	116	207	0	1704	625	1976	4	0	0	0	0	0	0	0	0	0
74	360	374	216	118	211	0	1728	635	2014	4	0	0	0	0	0	0	0	0	0
75	367	382	220	120	215	0	1760	646	2057	4	0	0	0	0	0	0	0	0	0
76	374	390	223	122	219	0	1784	657	2100	5	0	0	0	0	0	0	0	0	0
77	381	398	226	125	223	0	1808	673	2143	5	0	0	0	0	0	0	0	0	0
78	388	405	230	127	227	0	1840	684	2181	5	0	0	0	0	0	0	0	0	0
79	395	413	233	129	231	0	1864	695	2224	5	0	0	0	0	0	0	0	0	0
80	402	421	236	131	235	0	1888	705	2267	5	0	0	0	0	0	0	0	0	0
81	409	429	240	133	239	0	1920	716	2310	5	0	0	0	0	0	0	0	0	0
82	417	437	243	136	243	0	1944	732	2353	5	0	0	0	0	0	0	0	0	0
83	424	445	246	138	247	0	1968	743	2396	5	0	0	0	0	0	0	0	0	0
84	431	453	250	140	251	0	2000	754	2439	5	0	0	0	0	0	0	0	0	0
85	438	461	253	143	256	0	2024	770	2482	5	0	0	0	0	0	0	0	0	0
86	446	470	257	145	260	0	2056	781	2531	5	0	0	0	0	0	0	0	0	0
87	453	478	260	147	264	0	2080	792	2574	5	0	0	0	0	0	0	0	0	0
88	461	486	264	149	269	0	2112	802	2617	5	0	0	0	0	0	0	0	0	0
89	468	495	267	152	273	0	2136	818	2665	5	0	0	0	0	0	0	0	0	0
90	476	503	270	154	277	0	2160	829	2708	5	0	0	0	0	0	0	0	0	0
91	483	512	274	157	282	0	2192	845	2757	5	0	0	0	0	0	0	0	0	0
92	491	520	277	159	286	0	2216	856	2800	5	0	0	0	0	0	0	0	0	0
93	498	529	281	161	290	0	2248	867	2848	5	0	0	0	0	0	0	0	0	0
94	506	538	284	164	295	0	2272	883	2897	5	0	0	0	0	0	0	0	0	0
95	514	546	288	166	299	0	2304	894	2940	5	0	0	0	0	0	0	0	0	0
96	521	555	291	169	304	0	2328	910	2988	5	0	0	0	0	0	0	0	0	0
97	529	564	295	171	308	0	2360	921	3037	5	0	0	0	0	0	0	0	0	0
98	537	573	298	173	313	0	2384	932	3085	5	0	0	0	0	0	0	0	0	0
99	545	582	302	176	317	0	2416	948	3134	5	0	0	0	0	0	0	0	0	0
100	553	591	305	178	322	0	2440	958	3182	5	0	0	0	0	0	0	0	0	0
101	561	600	309	181	326	0	2472	975	3231	5	0	0	0	0	0	0	0	0	0
102	568	609	312	183	331	0	2496	985	3279	5	0	0	0	0	0	0	0	0	0
103	576	618	316	186	336	0	2528	1002	3328	5	0	0	0	0	0	0	0	0	0
104	584	627	319	188	340	0	2552	1012	3376	5	0	0	0	0	0	0	0	0	0
105	593	636	323	191	345	0	2584	1028	3425	5	0	0	0	0	0	0	0	0	0
106	601	646	326	193	350	0	2608	1039	3478	5	0	0	0	0	0	0	0	0	0
107	609	655	330	196	354	0	2640	1055	3527	5	0	0	0	0	0	0	0	0	0
108	617	665	333	198	359	0	2664	1066	3581	5	0	0	0	0	0	0	0	0	0
109	625	674	337	201	364	0	2696	1082	3629	5	0	0	0	0	0	0	0	0	0
110	633	683	341	204	368	0	2728	1098	3678	5	0	0	0	0	0	0	0	0	0
111	642	693	344	206	373	0	2752	1109	3732	5	0	0	0	0	0	0	0	0	0
112	650	703	348	209	378	0	2784	1125	3785	5	0	0	0	0	0	0	0	0	0
113	658	712	351	211	383	0	2808	1136	3834	6	0	0	0	0	0	0	0	0	0
114	667	722	355	214	388	0	2840	1152	3888	6	0	0	0	0	0	0	0	0	0
115	675	732	359	217	393	0	2872	1168	3942	6	0	0	0	0	0	0	0	0	0
116	683	741	362	219	397	0	2896	1179	3990	6	0	0	0	0	0	0	0	0	0
117	692	751	366	222	402	0	2928	1195	4044	6	0	0	0	0	0	0	0	0	0
118	700	761	369	225	407	0	2952	1212	4098	6	0	0	0	0	0	0	0	0	0
119	709	771	373	227	412	0	2984	1222	4152	6	0	0	0	0	0	0	0	0	0
120	718	781	377	230	417	0	3016	1238	4205	6	0	0	0	0	0	0	0	0	0
121	726	791	380	233	422	0	3040	1255	4259	6	0	0	0	0	0	0	0	0	0
1732																			
LV	STR	Dex	CON	WIS	INT	CHA	MAX HP	MAX MP	MAX SP	MAX AC	MAX AR	MAX DR	FIRE	WATER	EARTH	AIR	MAGIC	MIN DMG	MAX DMG
1	7	8	8	17	16	0	64	92	43	2	0	0	0	0	0	0	0	0	0
2	8	8	9	18	17	0	72	97	43	2	0	0	0	0	0	0	0	0	0
3	9	9	11	19	18	0	88	102	48	2	0	0	0	0	0	0	0	0	0
4	10	9	12	20	20	0	96	108	48	2	0	0	0	0	0	0	0	0	0
5	10	10	14	22	21	0	112	118	54	2	0	0	0	0	0	0	0	0	0
6	12	11	15	23	23	0	120	124	59	2	0	0	0	0	0	0	0	0	0
7	13	11	17	25	24	0	136	135	59	2	0	0	0	0	0	0	0	0	0
8	14	12	18	26	26	0	144	140	65	2	0	0	0	0	0	0	0	0	0
9	15	13	20	28	28	0	160	151	70	2	0	0	0	0	0	0	0	0	0
10	17	14	22	30	30	0	176	162	75	2	0	0	0	0	0	0	0	0	0
11	18	15	24	32	32	0	192	172	81	2	0	0	0	0	0	0	0	0	0
12	20	16	25	34	34	0	200	183	86	2	0	0	0	0	0	0	0	0	0
13	21	17	27	36	36	0	216	194	92	2	0	0	0	0	0	0	0	0	0
14	23	18	29	38	39	0	232	205	97	2	0	0	0	0	0	0	0	0	0
15	24	19	31	40	41	0	248	215	102	2	0	0	0	0	0	0	0	0	0
16	26	20	33	42	43	0	264	226	108	2	0	0	0	0	0	0	0	0	0
17	28	21	35	45	46	0	280	242	113	2	0	0	0	0	0	0	0	0	0
18	30	22	37	47	49	0	296	253	118	2	0	0	0	0	0	0	0	0	0
19	31	24	39	50	51	0	312	269	129	2	0	0	0	0	0	0	0	0	0
20	33	25	41	52	54	0	328	280	135	2	0	0	0	0	0	0	0	0	0
21	35	26	43	55	57	0	344	296	140	2	0	0	0	0	0	0	0	0	0
22	37	28	45	58	60	0	360	312	151	2	0	0	0	0	0	0	0	0	0
23	39	29	47	60	63	0	376	323	156	3	0	0	0	0	0	0	0	0	0
24	41	31	49	63	66	0	392	339	167	3	0	0	0	0	0	0	0	0	0
25	44	32	51	66	69	0	408	355	172	3	0	0	0	0	0	0	0	0	0
26	46	34	53	69	72	0	424	372	183	3	0	0	0	0	0	0	0	0	0
27	48	35	55	72	75	0	440	388	188	3	0	0	0	0	0	0	0	0	0
28	50	37	57	75	78	0	456	404	199	3	0	0	0	0	0	0	0	0	0
29	52	39	60	78	81	0	480	420	210	3	0	0	0	0	0	0	0	0	0
30	55	40	62	81	85	0	496	436	215	3	0	0	0	0	0	0	0	0	0
31	57	42	64	84	88	0	512	452	226	3	0	0	0	0	0	0	0	0	0
32	59	44	66	87	92	0	528	468	237	3	0	0	0	0	0	0	0	0	0
33	62	45	68	90	95	0	544	485	242	3	0	0	0	0	0	0	0	0	0
34	64	47	71	94	99	0	568	506	253	3	0	0	0	0	0	0	0	0	0
35	67	49	73	97	102	0	584	522	264	3	0	0	0	0	0	0	0	0	0
36	69	51	75	100	106	0	600	538	275	3	0	0	0	0	0	0	0	0	0
37	72	53	77	104	109	0	616	560	285	3	0	0	0	0	0	0	0	0	0
38	74	55	79	107	113	0	632	576	296	3	0	0	0	0	0	0	0	0	0
39	77	57	82	111	117	0	656	598	307	3	0	0	0	0	0	0	0	0	0
40	80	59	84	114	121	0	672	614	318	3	0	0	0	0	0	0	0	0	0
41	82	61	86	118	125	0	688	635	328	3	0	0	0	0	0	0	0	0	0
42	85	63	89	121	128	0	712	652	339	3	0	0	0	0	0	0	0	0	0
43	88	65	91	125	132	0	728	673	350	3	0	0	0	0	0	0	0	0	0
44	90	67	93	129	136	0	744	695	361	3	0	0	0	0	0	0	0	0	0
45	93	69	96	132	140	0	768	711	372	3	0	0	0	0	0	0	0	0	0
46	96	71	98	136	144	0	784	732	382	3	0	0	0	0	0	0	0	0	0
47	99	73	100	140	148	0	800	754	393	3	0	0	0	0	0	0	0	0	0
48	102	75	103	144	153	0	824	775	404	3	0	0	0	0	0	0	0	0	0
49	105	78	105	148	157	0	840	797	420	3	0	0	0	0	0	0	0	0	0
50	108	80	107	152	161	0	856	818	431	3	0	0	0	0	0	0	0	0	0
51	111	82	110	156	165	0	880	840	442	3	0	0	0	0	0	0	0	0	0
52	113	84	112	159	170	0	896	856	452	3	0	0	0	0	0	0	0	0	0
53	116	87	115	164	174	0	920	883	468	3	0	0	0	0	0	0	0	0	0
54	120	89	117	168	178	0	936	905	479	3	0	0	0	0	0	0	0	0	0
55	123	91	119	172	183	0	952	926	490	3	0	0	0	0	0	0	0	0	0
56	126	94	122	176	187	0	976	948	506	3	0	0	0	0	0	0	0	0	0
57	129	96	124	180	192	0	992	969	517	3	0	0	0	0	0	0	0	0	0
58	132	99	127	184	196	0	1016	991	533	3	0	0	0	0	0	0	0	0	0
59	135	101	129	188	201	0	1032	1012	544	3	0	0	0	0	0	0	0	0	0
60	138	104	132	193	205	0	1056	1039	560	3	0	0	0	0	0	0	0	0	0
61	141	106	134	197	210	0	1072	1061	571	3	0	0	0	0	0	0	0	0	0
62	145	109	137	201	214	0	1096	1082	587	3	0	0	0	0	0	0	0	0	0
63	148	111	139	206	219	0	1112	1109	598	3	0	0	0	0	0	0	0	0	0
64	151	114	141	210	224	0	1128	1131	614	3	0	0	0	0	0	0	0	0	0
65	154	116	144	214	229	0	1152	1152	625	3	0	0	0	0	0	0	0	0	0
66	158	119	146	219	233	0	1168	1179	641	3	0	0	0	0	0	0	0	0	0
67	161	122	149	223	238	0	1192	1201	657	3	0	0	0	0	0	0	0	0	0
68	165	124	152	228	243	0	1216	1228	668	3	0	0	0	0	0	0	0	0	0
69	168	127	154	232	248	0	1232	1249	684	3	0	0	0	0	0	0	0	0	0
70	171	130	157	237	253	0	1256	1276	700	3	0	0	0	0	0	0	0	0	0
71	175	133	159	242	258	0	1272	1303	716	3	0	0	0	0	0	0	0	0	0
72	178	135	162	246	263	0	1296	1325	727	3	0	0	0	0	0	0	0	0	0
73	182	138	164	251	268	0	1312	1352	743	3	0	0	0	0	0	0	0	0	0
74	185	141	167	255	273	0	1336	1373	759	3	0	0	0	0	0	0	0	0	0
75	189	144	169	260	278	0	1352	1400	775	3	0	0	0	0	0	0	0	0	0
76	192	147	172	265	283	0	1376	1427	792	4	0	0	0	0	0	0	0	0	0
77	196	149	174	270	288	0	1392	1454	802	4	0	0	0	0	0	0	0	0	0
78	199	152	177	275	294	0	1416	1481	818	4	0	0	0	0	0	0	0	0	0
79	203	155	180	279	299	0	1440	1502	835	4	0	0	0	0	0	0	0	0	0
80	207	158	182	284	304	0	1456	1529	851	4	0	0	0	0	0	0	0	0	0
81	210	161	185	289	309	0	1480	1556	867	4	0	0	0	0	0	0	0	0	0
82	214	164	187	294	315	0	1496	1583	883	4	0	0	0	0	0	0	0	0	0
83	218	167	190	299	320	0	1520	1610	899	4	0	0	0	0	0	0	0	0	0
84	221	170	193	304	325	0	1544	1637	915	4	0	0	0	0	0	0	0	0	0
85	225	173	195	309	331	0	1560	1664	932	4	0	0	0	0	0	0	0	0	0
86	229	176	198	314	336	0	1584	1691	948	4	0	0	0	0	0	0	0	0	0
87	233	179	201	319	341	0	1608	1718	964	4	0	0	0	0	0	0	0	0	0
88	237	182	203	324	347	0	1624	1745	980	4	0	0	0	0	0	0	0	0	0
89	240	186	206	329	352	0	1648	1772	1002	4	0	0	0	0	0	0	0	0	0
90	244	189	209	334	358	0	1672	1798	1018	4	0	0	0	0	0	0	0	0	0
91	248	192	211	340	364	0	1688	1831	1034	4	0	0	0	0	0	0	0	0	0
92	252	195	214	345	369	0	1712	1858	1050	4	0	0	0	0	0	0	0	0	0
93	256	198	217	350	375	0	1736	1885	1066	4	0	0	0	0	0	0	0	0	0
94	260	201	219	355	380	0	1752	1912	1082	4	0	0	0	0	0	0	0	0	0
95	264	205	222	360	386	0	1776	1938	1104	4	0	0	0	0	0	0	0	0	0
96	268	208	225	366	392	0	1800	1971	1120	5	0	0	0	0	0	0	0	0	0
97	272	211	227	371	398	0	1816	1998	1136	5	0	0	0	0	0	0	0	0	0
98	276	214	230	376	403	0	1840	2025	1152	5	0	0	0	0	0	0	0	0	0
99	280	218	233	382	409	0	1864	2057	1174	5	0	0	0	0	0	0	0	0	0
100	284	221	235	387	415	0	1880	2084	1190	5	0	0	0	0	0	0	0	0	0
101	288	224	238	393	421	0	1904	2116	1206	5	0	0	0	0	0	0	0	0	0
102	292	228	241	398	427	0	1928	2143	1228	5	0	0	0	0	0	0	0	0	0
103	296	231	243	404	432	0	1944	2175	1244	5	0	0	0	0	0	0	0	0	0
104	300	235	246	409	438	0	1968	2202	1265	5	0	0	0	0	0	0	0	0	0
105	304	238	249	415	444	0	1992	2235	1282	5	0	0	0	0	0	0	0	0	0
106	308	241	252	420	450	0	2016	2262	1298	5	0	0	0	0	0	0	0	0	0
107	312	245	254	426	456	0	2032	2294	1319	5	0	0	0	0	0	0	0	0	0
108	317	248	257	431	462	0	2056	2321	1335	5	0	0	0	0	0	0	0	0	0
109	321	252	260	437	468	0	2080	2353	1357	5	0	0	0	0	0	0	0	0	0
110	325	255	263	442	474	0	2104	2380	1373	5	0	0	0	0	0	0	0	0	0
111	329	259	265	448	481	0	2120	2412	1395	5	0	0	0	0	0	0	0	0	0
112	333	263	268	454	487	0	2144	2445	1416	5	0	0	0	0	0	0	0	0	0
113	338	266	271	459	493	0	2168	2472	1432	6	0	0	0	0	0	0	0	0	0
114	342	270	274	465	499	0	2192	2504	1454	6	0	0	0	0	0	0	0	0	0
115	346	273	277	471	505	0	2216	2536	1470	6	0	0	0	0	0	0	0	0	0
116	351	277	279	477	511	0	2232	2568	1492	6	0	0	0	0	0	0	0	0	0
117	355	281	282	483	518	0	2256	2601	1513	6	0	0	0	0	0	0	0	0	0
118	359	284	285	488	524	0	2280	2628	1529	6	0	0	0	0	0	0	0	0	0
119	364	288	288	494	530	0	2304	2660	1551	6	0	0	0	0	0	0	0	0	0
120	368	292	290	500	537	0	2320	2692	1572	6	0	0	0	0	0	0	0	0	0
121	372	295	293	506	543	0	2344	2725	1588	6	0	0	0	0	0	0	0	0	0
1724																			
LV	STR	Dex	CON	WIS	INT	CHA	MAX HP	MAX MP	MAX SP	MAX AC	MAX AR	MAX DR	FIRE	WATER	EARTH	AIR	MAGIC	MIN DMG	MAX DMG
1	12	16	10	9	9	0	80	48	86	2	0	0	0	0	0	0	0	0	0
2	13	17	12	10	10	0	96	54	92	2	0	0	0	0	0	0	0	0	0
3	14	17	14	10	10	0	112	54	92	2	0	0	0	0	0	0	0	0	0
4	15	18	16	11	11	0	128	59	97	2	0	0	0	0	0	0	0	0	0
5	17	18	17	11	12	0	136	59	97	2	0	0	0	0	0	0	0	0	0
6	18	19	20	12	13	0	160	65	102	2	0	0	0	0	0	0	0	0	0
7	20	20	22	12	13	0	176	65	108	2	0	0	0	0	0	0	0	0	0
8	21	21	24	13	14	0	192	70	113	2	0	0	0	0	0	0	0	0	0
9	23	22	26	14	15	0	208	75	118	2	0	0	0	0	0	0	0	0	0
10	25	23	28	15	16	0	224	81	124	2	0	0	0	0	0	0	0	0	0
11	27	24	31	16	18	0	248	86	129	2	0	0	0	0	0	0	0	0	0
12	29	26	33	17	19	0	264	92	140	2	0	0	0	0	0	0	0	0	0
13	31	27	35	18	20	0	280	97	145	2	0	0	0	0	0	0	0	0	0
14	33	28	38	19	21	0	304	102	151	2	0	0	0	0	0	0	0	0	0
15	35	30	40	20	22	0	320	108	162	2	0	0	0	0	0	0	0	0	0
16	38	31	43	21	24	0	344	113	167	2	0	0	0	0	0	0	0	0	0
17	40	33	45	22	25	0	360	118	178	2	0	0	0	0	0	0	0	0	0
18	43	34	48	23	27	0	384	124	183	2	0	0	0	0	0	0	0	0	0
19	45	36	50	24	28	0	400	129	194	2	0	0	0	0	0	0	0	0	0
20	48	37	53	25	30	0	424	135	199	2	0	0	0	0	0	0	0	0	0
21	50	39	56	26	31	0	448	140	210	2	0	0	0	0	0	0	0	0	0
22	53	41	58	28	33	0	464	151	221	2	0	0	0	0	0	0	0	0	0
23	56	43	61	29	34	0	488	156	232	2	0	0	0	0	0	0	0	0	0
24	59	44	64	30	36	0	512	162	237	2	0	0	0	0	0	0	0	0	0
25	62	46	66	31	37	0	528	167	248	2	0	0	0	0	0	0	0	0	0
26	64	48	69	33	39	0	552	178	258	2	0	0	0	0	0	0	0	0	0
27	67	50	72	34	41	0	576	183	269	2	0	0	0	0	0	0	0	0	0
28	70	52	74	35	43	0	592	188	280	2	0	0	0	0	0	0	0	0	0
29	73	54	77	37	44	0	616	199	291	2	0	0	0	0	0	0	0	0	0
30	77	56	80	38	46	0	640	205	302	2	0	0	0	0	0	0	0	0	0
31	80	58	83	40	48	0	664	215	312	2	0	0	0	0	0	0	0	0	0
32	83	61	86	41	50	0	688	221	328	2	0	0	0	0	0	0	0	0	0
33	86	63	89	43	52	0	712	232	339	2	0	0	0	0	0	0	0	0	0
34	90	65	91	44	54	0	728	237	350	2	0	0	0	0	0	0	0	0	0
35	93	67	94	46	55	0	752	248	361	2	0	0	0	0	0	0	0	0	0
36	96	70	97	47	57	0	776	253	377	2	0	0	0	0	0	0	0	0	0
37	100	72	100	49	59	0	800	264	388	2	0	0	0	0	0	0	0	0	0
38	103	74	103	50	61	0	824	269	398	2	0	0	0	0	0	0	0	0	0
39	107	77	106	52	63	0	848	280	415	2	0	0	0	0	0	0	0	0	0
40	110	79	109	53	65	0	872	285	425	2	0	0	0	0	0	0	0	0	0
41	114	82	112	55	68	0	896	296	442	2	0	0	0	0	0	0	0	0	0
42	118	84	115	57	70	0	920	307	452	2	0	0	0	0	0	0	0	0	0
43	121	87	118	58	72	0	944	312	468	2	0	0	0	0	0	0	0	0	0
44	125	90	121	60	74	0	968	323	485	2	0	0	0	0	0	0	0	0	0
45	129	92	124	62	76	0	992	334	495	2	0	0	0	0	0	0	0	0	0
46	133	95	127	63	78	0	1016	339	512	2	0	0	0	0	0	0	0	0	0
47	136	98	130	65	80	0	1040	350	528	2	0	0	0	0	0	0	0	0	0
48	140	100	133	67	83	0	1064	361	538	2	0	0	0	0	0	0	0	0	0
49	144	103	136	69	85	0	1088	372	555	2	0	0	0	0	0	0	0	0	0
50	148	106	139	71	87	0	1112	382	571	2	0	0	0	0	0	0	0	0	0
51	152	109	142	72	90	0	1136	388	587	2	0	0	0	0	0	0	0	0	0
52	156	112	145	74	92	0	1160	398	603	2	0	0	0	0	0	0	0	0	0
53	160	114	148	76	94	0	1184	409	614	2	0	0	0	0	0	0	0	0	0
54	164	117	152	78	97	0	1216	420	630	2	0	0	0	0	0	0	0	0	0
55	169	120	155	80	99	0	1240	431	646	2	0	0	0	0	0	0	0	0	0
56	173	123	158	82	101	0	1264	442	662	2	0	0	0	0	0	0	0	0	0
57	177	126	161	84	104	0	1288	452	678	2	0	0	0	0	0	0	0	0	0
58	181	129	164	85	106	0	1312	458	695	2	0	0	0	0	0	0	0	0	0
59	185	132	167	87	109	0	1336	468	711	2	0	0	0	0	0	0	0	0	0
60	190	136	171	89	111	0	1368	479	732	2	0	0	0	0	0	0	0	0	0
61	194	139	174	91	114	0	1392	490	748	2	0	0	0	0	0	0	0	0	0
62	198	142	177	93	116	0	1416	501	765	2	0	0	0	0	0	0	0	0	0
63	203	145	180	95	119	0	1440	512	781	2	0	0	0	0	0	0	0	0	0
64	207	148	183	97	121	0	1464	522	797	2	0	0	0	0	0	0	0	0	0
65	212	152	187	99	124	0	1496	533	818	2	0	0	0	0	0	0	0	0	0
66	216	155	190	101	126	0	1520	544	835	2	0	0	0	0	0	0	0	0	0
67	221	158	193	103	129	0	1544	555	851	2	0	0	0	0	0	0	0	0	0
68	225	161	196	105	132	0	1568	565	867	2	0	0	0	0	0	0	0	0	0
69	230	165	200	107	134	0	1600	576	888	2	0	0	0	0	0	0	0	0	0
70	235	168	203	110	137	0	1624	592	905	2	0	0	0	0	0	0	0	0	0
71	239	172	206	112	140	0	1648	603	926	2	0	0	0	0	0	0	0	0	0
72	244	175	210	114	142	0	1680	614	942	2	0	0	0	0	0	0	0	0	0
73	249	179	213	116	145	0	1704	625	964	2	0	0	0	0	0	0	0	0	0
74	253	182	216	118	148	0	1728	635	980	2	0	0	0	0	0	0	0	0	0
75	258	186	220	120	150	0	1760	646	1002	2	0	0	0	0	0	0	0	0	0
76	263	189	223	122	153	0	1784	657	1018	3	0	0	0	0	0	0	0	0	0
77	268	193	226	125	156	0	1808	673	1039	3	0	0	0	0	0	0	0	0	0
78	273	196	230	127	159	0	1840	684	1055	3	0	0	0	0	0	0	0	0	0
79	278	200	233	129	162	0	1864	695	1077	3	0	0	0	0	0	0	0	0	0
80	283	204	236	131	164	0	1888	705	1098	3	0	0	0	0	0	0	0	0	0
81	288	207	240	133	167	0	1920	716	1115	3	0	0	0	0	0	0	0	0	0
82	292	211	243	136	170	0	1944	732	1136	3	0	0	0	0	0	0	0	0	0
83	298	215	246	138	173	0	1968	743	1158	3	0	0	0	0	0	0	0	0	0
84	303	219	250	140	176	0	2000	754	1179	3	0	0	0	0	0	0	0	0	0
85	308	222	253	143	179	0	2024	770	1195	3	0	0	0	0	0	0	0	0	0
86	313	226	257	145	182	0	2056	781	1217	3	0	0	0	0	0	0	0	0	0
87	318	230	260	147	185	0	2080	792	1238	3	0	0	0	0	0	0	0	0	0
88	323	234	264	149	188	0	2112	802	1260	3	0	0	0	0	0	0	0	0	0
89	328	238	267	152	191	0	2136	818	1282	3	0	0	0	0	0	0	0	0	0
90	333	242	270	154	194	0	2160	829	1303	3	0	0	0	0	0	0	0	0	0
91	339	246	274	157	197	0	2192	845	1325	3	0	0	0	0	0	0	0	0	0
92	344	250	277	159	200	0	2216	856	1346	3	0	0	0	0	0	0	0	0	0
93	349	254	281	161	203	0	2248	867	1368	3	0	0	0	0	0	0	0	0	0
94	354	258	284	164	206	0	2272	883	1389	3	0	0	0	0	0	0	0	0	0
95	360	262	288	166	209	0	2304	894	1411	3	0	0	0	0	0	0	0	0	0
96	365	266	291	169	212	0	2328	910	1432	4	0	0	0	0	0	0	0	0	0
97	370	270	295	171	215	0	2360	921	1454	4	0	0	0	0	0	0	0	0	0
98	376	274	298	173	218	0	2384	932	1475	4	0	0	0	0	0	0	0	0	0
99	381	278	302	176	221	0	2416	948	1497	4	0	0	0	0	0	0	0	0	0
100	387	282	305	178	224	0	2440	958	1518	4	0	0	0	0	0	0	0	0	0
101	392	287	309	181	227	0	2472	975	1545	4	0	0	0	0	0	0	0	0	0
102	398	291	312	183	231	0	2496	985	1567	4	0	0	0	0	0	0	0	0	0
103	403	295	316	186	234	0	2528	1002	1588	4	0	0	0	0	0	0	0	0	0
104	409	299	319	188	237	0	2552	1012	1610	4	0	0	0	0	0	0	0	0	0
105	414	304	323	191	240	0	2584	1028	1637	4	0	0	0	0	0	0	0	0	0
106	420	308	326	193	243	0	2608	1039	1658	4	0	0	0	0	0	0	0	0	0
107	426	312	330	196	247	0	2640	1055	1680	4	0	0	0	0	0	0	0	0	0
108	431	317	333	198	250	0	2664	1066	1707	4	0	0	0	0	0	0	0	0	0
109	437	321	337	201	253	0	2696	1082	1728	4	0	0	0	0	0	0	0	0	0
110	443	325	341	204	256	0	2728	1098	1750	4	0	0	0	0	0	0	0	0	0
111	448	330	344	206	260	0	2752	1109	1777	4	0	0	0	0	0	0	0	0	0
112	454	334	348	209	263	0	2784	1125	1798	4	0	0	0	0	0	0	0	0	0
113	460	339	351	211	266	0	2808	1136	1825	5	0	0	0	0	0	0	0	0	0
114	466	343	355	214	270	0	2840	1152	1847	5	0	0	0	0	0	0	0	0	0
115	472	348	359	217	273	0	2872	1168	1874	5	0	0	0	0	0	0	0	0	0
116	477	352	362	219	276	0	2896	1179	1895	5	0	0	0	0	0	0	0	0	0
117	483	357	366	222	280	0	2928	1195	1922	5	0	0	0	0	0	0	0	0	0
118	489	361	369	225	283	0	2952	1212	1944	5	0	0	0	0	0	0	0	0	0
119	495	366	373	227	286	0	2984	1222	1971	5	0	0	0	0	0	0	0	0	0
120	501	371	377	230	290	0	3016	1238	1998	5	0	0	0	0	0	0	0	0	0
121	507	375	380	233	293	0	3040	1255	2019	5	0	0	0	0	0	0	0	0	0
