monster_name	monster_TID	item_count	item_TID	min	max	percent
히드라	24	2	5008	1	1	30
			5018	1	1	30
			1856	1	1	500
			1861	1	1	500
			1891	1	1	500
			1866	1	1	500
			1871	1	1	500
			1876	1	1	500
			1881	1	1	500
			1886	1	1	500
			6075	1	1	500
고러	55	2	5008	1	1	30
			5018	1	1	30
			1856	1	1	500
			1861	1	1	500
			1891	1	1	500
			1866	1	1	500
			1871	1	1	500
			1876	1	1	500
			1881	1	1	500
			1886	1	1	500
			6075	1	1	500
핑켈	808	2	5008	1	1	30
			5018	1	1	30
			1856	1	1	500
			1861	1	1	500
			1891	1	1	500
			1866	1	1	500
			1871	1	1	500
			1876	1	1	500
			1881	1	1	500
			1886	1	1	500
			6075	1	1	500
발토	766	2	5008	1	1	30
			5018	1	1	30
			1856	1	1	500
			1861	1	1	500
			1891	1	1	500
			1866	1	1	500
			1871	1	1	500
			1876	1	1	500
			1881	1	1	500
			1886	1	1	500
			6075	1	1	500
다르칸	631	2	5008	1	1	30
			5018	1	1	30
			1856	1	1	500
			1861	1	1	500
			1891	1	1	500
			1866	1	1	500
			1871	1	1	500
			1876	1	1	500
			1881	1	1	500
			1886	1	1	500
			6075	1	1	500
뮤라 플라잉워커	1076	2	5008	1	1	30
			5018	1	1	30
			1856	1	1	500
			1861	1	1	500
			1891	1	1	500
			1866	1	1	500
			1871	1	1	500
			1876	1	1	500
			1881	1	1	500
			1886	1	1	500
			6075	1	1	500
벨로스 퀸	1079	2	5008	1	1	30
			5018	1	1	30
			1856	1	1	500
			1861	1	1	500
			1891	1	1	500
			1866	1	1	500
			1871	1	1	500
			1876	1	1	500
			1881	1	1	500
			1886	1	1	500
			6075	1	1	500
로테 대장	1077	2	5008	1	1	30
			5018	1	1	30
			1856	1	1	500
			1861	1	1	500
			1891	1	1	500
			1866	1	1	500
			1871	1	1	500
			1876	1	1	500
			1881	1	1	500
			1886	1	1	500
			6075	1	1	500
노스린 퀸	1080	2	5008	1	1	30
			5018	1	1	30
			1856	1	1	500
			1861	1	1	500
			1891	1	1	500
			1866	1	1	500
			1871	1	1	500
			1876	1	1	500
			1881	1	1	500
			1886	1	1	500
			6075	1	1	500
시링 스트라이커	1078	2	5008	1	1	30
			5018	1	1	30
			1856	1	1	500
			1861	1	1	500
			1891	1	1	500
			1866	1	1	500
			1871	1	1	500
			1876	1	1	500
			1881	1	1	500
			1886	1	1	500
			6075	1	1	500
블루 퀸	1081	2	5008	1	1	30
			5018	1	1	30
			1856	1	1	500
			1861	1	1	500
			1891	1	1	500
			1866	1	1	500
			1871	1	1	500
			1876	1	1	500
			1881	1	1	500
			1886	1	1	500
			6075	1	1	500
만티코어 킹	29	2	5015	1	1	30
			5016	1	1	30
			5017	1	1	30
			1856	1	1	500
			1861	1	1	500
			1891	1	1	500
			1866	1	1	500
			1871	1	1	500
			1876	1	1	500
			1881	1	1	500
			1886	1	1	500
			6075	1	1	500
좀비 로드	86	2	5015	1	1	30
			5016	1	1	30
			5017	1	1	30
			1856	1	1	500
			1861	1	1	500
			1891	1	1	500
			1866	1	1	500
			1871	1	1	500
			1876	1	1	500
			1881	1	1	500
			1886	1	1	500
			6075	1	1	500
와일드 리쉬	519	2	5015	1	1	30
			5016	1	1	30
			5017	1	1	30
			1856	1	1	500
			1861	1	1	500
			1891	1	1	500
			1866	1	1	500
			1871	1	1	500
			1876	1	1	500
			1881	1	1	500
			1886	1	1	500
			6075	1	1	500
그리플러 킹	483	2	5015	1	1	30
			5016	1	1	30
			5017	1	1	30
			1856	1	1	500
			1861	1	1	500
			1891	1	1	500
			1866	1	1	500
			1871	1	1	500
			1876	1	1	500
			1881	1	1	500
			1886	1	1	500
			6075	1	1	500
스네어	46	2	5015	1	1	30
			5016	1	1	30
			5017	1	1	30
			1856	1	1	500
			1861	1	1	500
			1891	1	1	500
			1866	1	1	500
			1871	1	1	500
			1876	1	1	500
			1881	1	1	500
			1886	1	1	500
			6075	1	1	500
바르바	48	2	5015	1	1	30
			5016	1	1	30
			5017	1	1	30
			1856	1	1	500
			1861	1	1	500
			1891	1	1	500
			1866	1	1	500
			1871	1	1	500
			1876	1	1	500
			1881	1	1	500
			1886	1	1	500
			6075	1	1	500
블로드	30	2	5015	1	1	30
			5016	1	1	30
			5017	1	1	30
			1856	1	1	500
			1861	1	1	500
			1891	1	1	500
			1866	1	1	500
			1871	1	1	500
			1876	1	1	500
			1881	1	1	500
			1886	1	1	500
			6075	1	1	500
사르카도스	626	2	5015	1	1	30
			5016	1	1	30
			5017	1	1	30
			1856	1	1	500
			1861	1	1	500
			1891	1	1	500
			1866	1	1	500
			1871	1	1	500
			1876	1	1	500
			1881	1	1	500
			1886	1	1	500
			6075	1	1	500
자이언트 포이즌 모스	1025	2	5015	1	1	30
			5016	1	1	30
			5017	1	1	30
			1856	1	1	500
			1861	1	1	500
			1891	1	1	500
			1866	1	1	500
			1871	1	1	500
			1876	1	1	500
			1881	1	1	500
			1886	1	1	500
			6075	1	1	500
라지 포이즌 모스	1026	2	5015	1	1	30
			5016	1	1	30
			5017	1	1	30
			1856	1	1	500
			1861	1	1	500
			1891	1	1	500
			1866	1	1	500
			1871	1	1	500
			1876	1	1	500
			1881	1	1	500
			1886	1	1	500
			6075	1	1	500
빅 포이즌 모스	1027	2	5015	1	1	30
			5016	1	1	30
			5017	1	1	30
			1856	1	1	500
			1861	1	1	500
			1891	1	1	500
			1866	1	1	500
			1871	1	1	500
			1876	1	1	500
			1881	1	1	500
			1886	1	1	500
			6075	1	1	500
트롤두목	34	2	5007	1	1	30
			1855	1	1	500
			1860	1	1	500
			1890	1	1	500
			1865	1	1	500
			1870	1	1	500
			1875	1	1	500
			1880	1	1	500
			1885	1	1	500
			6074	1	1	500
바롬	50	2	5007	1	1	30
			1855	1	1	500
			1860	1	1	500
			1890	1	1	500
			1865	1	1	500
			1870	1	1	500
			1875	1	1	500
			1880	1	1	500
			1885	1	1	500
			6074	1	1	500
후카룽	623	2	5007	1	1	30
			1855	1	1	500
			1860	1	1	500
			1890	1	1	500
			1865	1	1	500
			1870	1	1	500
			1875	1	1	500
			1880	1	1	500
			1885	1	1	500
			6074	1	1	500
릴린	66	2	5007	1	1	30
			1855	1	1	500
			1860	1	1	500
			1890	1	1	500
			1865	1	1	500
			1870	1	1	500
			1875	1	1	500
			1880	1	1	500
			1885	1	1	500
			6074	1	1	500
프린스 아리엔	658	2	5007	1	1	30
			1855	1	1	500
			1860	1	1	500
			1890	1	1	500
			1865	1	1	500
			1870	1	1	500
			1875	1	1	500
			1880	1	1	500
			1885	1	1	500
			6074	1	1	500
와이번	38	2	5011	1	1	30
			1857	1	1	500
			1862	1	1	500
			1892	1	1	500
			1867	1	1	500
			1872	1	1	500
			1877	1	1	500
			1882	1	1	500
			1887	1	1	500
			6076	1	1	500
우루	47	2	5011	1	1	30
			1857	1	1	500
			1862	1	1	500
			1892	1	1	500
			1867	1	1	500
			1872	1	1	500
			1877	1	1	500
			1882	1	1	500
			1887	1	1	500
			6076	1	1	500
다크 윙	1347	2	5011	1	1	30
			1857	1	1	500
			1862	1	1	500
			1892	1	1	500
			1867	1	1	500
			1872	1	1	500
			1877	1	1	500
			1882	1	1	500
			1887	1	1	500
			6076	1	1	500
아랄만 호위병	1348	2	5011	1	1	30
			1857	1	1	500
			1862	1	1	500
			1892	1	1	500
			1867	1	1	500
			1872	1	1	500
			1877	1	1	500
			1882	1	1	500
			1887	1	1	500
			6076	1	1	500
아랄만 병사	1349	2	5011	1	1	30
			1857	1	1	500
			1862	1	1	500
			1892	1	1	500
			1867	1	1	500
			1872	1	1	500
			1877	1	1	500
			1882	1	1	500
			1887	1	1	500
			6076	1	1	500
아랄만	1350	2	5011	1	1	30
			1857	1	1	500
			1862	1	1	500
			1892	1	1	500
			1867	1	1	500
			1872	1	1	500
			1877	1	1	500
			1882	1	1	500
			1887	1	1	500
			6076	1	1	500
볼코	60	2	5009	1	1	30
			5019	1	1	30
			1857	1	1	500
			1862	1	1	500
			1892	1	1	500
			1867	1	1	500
			1872	1	1	500
			1877	1	1	500
			1882	1	1	500
			1887	1	1	500
			6076	1	1	500
비글로스	765	2	5009	1	1	30
			5019	1	1	30
			1857	1	1	500
			1862	1	1	500
			1892	1	1	500
			1867	1	1	500
			1872	1	1	500
			1877	1	1	500
			1882	1	1	500
			1887	1	1	500
			6076	1	1	500
리디나	1324	2	5009	1	1	30
			5019	1	1	30
			1857	1	1	500
			1862	1	1	500
			1892	1	1	500
			1867	1	1	500
			1872	1	1	500
			1877	1	1	500
			1882	1	1	500
			1887	1	1	500
			6076	1	1	500
레체	1325	2	5009	1	1	30
			5019	1	1	30
			1857	1	1	500
			1862	1	1	500
			1892	1	1	500
			1867	1	1	500
			1872	1	1	500
			1877	1	1	500
			1882	1	1	500
			1887	1	1	500
			6076	1	1	500
티카	63	2	5008	1	1	30
			5018	1	1	30
			1856	1	1	500
			1861	1	1	500
			1891	1	1	500
			1866	1	1	500
			1871	1	1	500
			1876	1	1	500
			1881	1	1	500
			1886	1	1	500
			6075	1	1	500
다릴라	774	2	5008	1	1	30
			5018	1	1	30
			1856	1	1	500
			1861	1	1	500
			1891	1	1	500
			1866	1	1	500
			1871	1	1	500
			1876	1	1	500
			1881	1	1	500
			1886	1	1	500
			6075	1	1	500
막소	67	2	5007	1	1	30
			5015	1	1	30
			5016	1	1	30
			5017	1	1	30
			1856	1	1	500
			1861	1	1	500
			1891	1	1	500
			1866	1	1	500
			1871	1	1	500
			1876	1	1	500
			1881	1	1	500
			1886	1	1	500
			6075	1	1	500
블리져스	624	2	5007	1	1	30
			5015	1	1	30
			5016	1	1	30
			5017	1	1	30
			1856	1	1	500
			1861	1	1	500
			1891	1	1	500
			1866	1	1	500
			1871	1	1	500
			1876	1	1	500
			1881	1	1	500
			1886	1	1	500
			6075	1	1	500
스켈레톤 지휘관	76	2	5006	1	1	30
			1855	1	1	500
			1860	1	1	500
			1890	1	1	500
			1865	1	1	500
			1870	1	1	500
			1875	1	1	500
			1880	1	1	500
			1885	1	1	500
			6074	1	1	500
실버 라이칸토	622	2	5006	1	1	30
			1855	1	1	500
			1860	1	1	500
			1890	1	1	500
			1865	1	1	500
			1870	1	1	500
			1875	1	1	500
			1880	1	1	500
			1885	1	1	500
			6074	1	1	500
밴딜리언 보스	484	2	5006	1	1	30
			1855	1	1	500
			1860	1	1	500
			1890	1	1	500
			1865	1	1	500
			1870	1	1	500
			1875	1	1	500
			1880	1	1	500
			1885	1	1	500
			6074	1	1	500
빅토르	42	2	5006	1	1	30
			1855	1	1	500
			1860	1	1	500
			1890	1	1	500
			1865	1	1	500
			1870	1	1	500
			1875	1	1	500
			1880	1	1	500
			1885	1	1	500
			6074	1	1	500
윈디고	43	2	5006	1	1	30
			1855	1	1	500
			1860	1	1	500
			1890	1	1	500
			1865	1	1	500
			1870	1	1	500
			1875	1	1	500
			1880	1	1	500
			1885	1	1	500
			6074	1	1	500
보스 사무엘	618	2	5006	1	1	30
			1855	1	1	500
			1860	1	1	500
			1890	1	1	500
			1865	1	1	500
			1870	1	1	500
			1875	1	1	500
			1880	1	1	500
			1885	1	1	500
			6074	1	1	500
빅박스	788	2	5006	1	1	30
			1855	1	1	500
			1860	1	1	500
			1890	1	1	500
			1865	1	1	500
			1870	1	1	500
			1875	1	1	500
			1880	1	1	500
			1885	1	1	500
			6074	1	1	500
잉고	95	2	5006	1	1	30
			1855	1	1	500
			1860	1	1	500
			1890	1	1	500
			1865	1	1	500
			1870	1	1	500
			1875	1	1	500
			1880	1	1	500
			1885	1	1	500
			6074	1	1	500
워터바이퍼	117	1	5005	1	1	30
			5026	1	1	30
파이어윙	62	1	5005	1	1	30
			5026	1	1	30
바시바	88	1	5005	1	1	30
			5026	1	1	30
스켈레톤 속사수	122	2	5028	1	1	30
			1855	1	1	500
			1860	1	1	500
			1890	1	1	500
			1865	1	1	500
			1870	1	1	500
			1875	1	1	500
			1880	1	1	500
			1885	1	1	500
			6074	1	1	500
파이어 라이칸토	331	2	5028	1	1	30
			1855	1	1	500
			1860	1	1	500
			1890	1	1	500
			1865	1	1	500
			1870	1	1	500
			1875	1	1	500
			1880	1	1	500
			1885	1	1	500
			6074	1	1	500
도버	64	2	5028	1	1	30
			1855	1	1	500
			1860	1	1	500
			1890	1	1	500
			1865	1	1	500
			1870	1	1	500
			1875	1	1	500
			1880	1	1	500
			1885	1	1	500
			6074	1	1	500
리버고블린 정찰자	126	2	5006	1	1	30
			1855	1	1	500
			1860	1	1	500
			1890	1	1	500
			1865	1	1	500
			1870	1	1	500
			1875	1	1	500
			1880	1	1	500
			1885	1	1	500
			6074	1	1	500
비씰	58	2	5006	1	1	30
			1855	1	1	500
			1860	1	1	500
			1890	1	1	500
			1865	1	1	500
			1870	1	1	500
			1875	1	1	500
			1880	1	1	500
			1885	1	1	500
			6074	1	1	500
아니엘	619	2	5006	1	1	30
			1855	1	1	500
			1860	1	1	500
			1890	1	1	500
			1865	1	1	500
			1870	1	1	500
			1875	1	1	500
			1880	1	1	500
			1885	1	1	500
			6074	1	1	500
켄들베어	127	2	5007	1	1	30
			1856	1	1	500
			1861	1	1	500
			1891	1	1	500
			1866	1	1	500
			1871	1	1	500
			1876	1	1	500
			1881	1	1	500
			1886	1	1	500
			6075	1	1	500
그린드래곤 시드	457	2	5007	1	1	30
			1856	1	1	500
			1861	1	1	500
			1891	1	1	500
			1866	1	1	500
			1871	1	1	500
			1876	1	1	500
			1881	1	1	500
			1886	1	1	500
			6075	1	1	500
브론즈드래곤 시드	16	2	5007	1	1	30
			1856	1	1	500
			1861	1	1	500
			1891	1	1	500
			1866	1	1	500
			1871	1	1	500
			1876	1	1	500
			1881	1	1	500
			1886	1	1	500
			6075	1	1	500
플라잉 볼텍스	512	2	5007	1	1	30
			1856	1	1	500
			1861	1	1	500
			1891	1	1	500
			1866	1	1	500
			1871	1	1	500
			1876	1	1	500
			1881	1	1	500
			1886	1	1	500
			6075	1	1	500
본드래곤	636	2	5007	1	1	30
			1856	1	1	500
			1861	1	1	500
			1891	1	1	500
			1866	1	1	500
			1871	1	1	500
			1876	1	1	500
			1881	1	1	500
			1886	1	1	500
			6075	1	1	500
다르탄	638	2	5007	1	1	30
			1856	1	1	500
			1861	1	1	500
			1891	1	1	500
			1866	1	1	500
			1871	1	1	500
			1876	1	1	500
			1881	1	1	500
			1886	1	1	500
			6075	1	1	500
아라크노이드 퀸	193	2	5008	1	1	30
			5018	1	1	30
			1856	1	1	500
			1861	1	1	500
			1891	1	1	500
			1866	1	1	500
			1871	1	1	500
			1876	1	1	500
			1881	1	1	500
			1886	1	1	500
			6075	1	1	500
초록 독나방	324	2	5008	1	1	30
			5018	1	1	30
			1856	1	1	500
			1861	1	1	500
			1891	1	1	500
			1866	1	1	500
			1871	1	1	500
			1876	1	1	500
			1881	1	1	500
			1886	1	1	500
			6075	1	1	500
포스토	44	2	5008	1	1	30
			5018	1	1	30
			1856	1	1	500
			1861	1	1	500
			1891	1	1	500
			1866	1	1	500
			1871	1	1	500
			1876	1	1	500
			1881	1	1	500
			1886	1	1	500
			6075	1	1	500
보링	45	2	5008	1	1	30
			5018	1	1	30
			1856	1	1	500
			1861	1	1	500
			1891	1	1	500
			1866	1	1	500
			1871	1	1	500
			1876	1	1	500
			1881	1	1	500
			1886	1	1	500
			6075	1	1	500
퀸 피리아네스	629	2	5008	1	1	30
			5018	1	1	30
			1856	1	1	500
			1861	1	1	500
			1891	1	1	500
			1866	1	1	500
			1871	1	1	500
			1876	1	1	500
			1881	1	1	500
			1886	1	1	500
			6075	1	1	500
샤콘	663	2	5008	1	1	30
			5018	1	1	30
			1856	1	1	500
			1861	1	1	500
			1891	1	1	500
			1866	1	1	500
			1871	1	1	500
			1876	1	1	500
			1881	1	1	500
			1886	1	1	500
			6075	1	1	500
서킷오더	196	1	5024	1	1	45
			4801	1	1	3750
			4800	1	1	5000
베노민	366	1	5024	1	1	60
			4801	1	1	800
절망의 지배자	197	2	5014	1	1	30
			5024	1	1	30
질풍의 발톱	201	2	5014	1	1	30
			5024	1	1	30
클럭워크	1393	2	5014	1	1	60
			5024	1	1	60
			4801	1	1	1600
			4800	1	1	2500
파멸의 비늘	205	1	5013	1	1	30
섀도우 맨	226	1	5013	1	1	30
아라크노이드 포이즌	273	2	5008	1	1	30
			1856	1	1	500
			1861	1	1	500
			1891	1	1	500
			1866	1	1	500
			1871	1	1	500
			1876	1	1	500
			1881	1	1	500
			1886	1	1	500
			6075	1	1	500
바람멧돼지 임프	124	2	5008	1	1	30
			1856	1	1	500
			1861	1	1	500
			1891	1	1	500
			1866	1	1	500
			1871	1	1	500
			1876	1	1	500
			1881	1	1	500
			1886	1	1	500
			6075	1	1	500
뭇소르	706	2	5008	1	1	30
			1856	1	1	500
			1861	1	1	500
			1891	1	1	500
			1866	1	1	500
			1871	1	1	500
			1876	1	1	500
			1881	1	1	500
			1886	1	1	500
			6075	1	1	500
윈드멤프시	653	2	5008	1	1	30
			1856	1	1	500
			1861	1	1	500
			1891	1	1	500
			1866	1	1	500
			1871	1	1	500
			1876	1	1	500
			1881	1	1	500
			1886	1	1	500
			6075	1	1	500
고스	59	2	5008	1	1	30
			1856	1	1	500
			1861	1	1	500
			1891	1	1	500
			1866	1	1	500
			1871	1	1	500
			1876	1	1	500
			1881	1	1	500
			1886	1	1	500
			6075	1	1	500
고블린 추장	275	2	5005	1	1	30
			5028	1	1	30
			1855	1	1	500
			1860	1	1	500
			1890	1	1	500
			1865	1	1	500
			1870	1	1	500
			1875	1	1	500
			1880	1	1	500
			1885	1	1	500
			6074	1	1	500
화염 박쥐	128	2	5005	1	1	30
			5028	1	1	30
			1855	1	1	500
			1860	1	1	500
			1890	1	1	500
			1865	1	1	500
			1870	1	1	500
			1875	1	1	500
			1880	1	1	500
			1885	1	1	500
			6074	1	1	500
놀 대왕	481	2	5005	1	1	30
			5028	1	1	30
			1855	1	1	500
			1860	1	1	500
			1890	1	1	500
			1865	1	1	500
			1870	1	1	500
			1875	1	1	500
			1880	1	1	500
			1885	1	1	500
			6074	1	1	500
폴고	21	2	5005	1	1	30
			5028	1	1	30
			1855	1	1	500
			1860	1	1	500
			1890	1	1	500
			1865	1	1	500
			1870	1	1	500
			1875	1	1	500
			1880	1	1	500
			1885	1	1	500
			6074	1	1	500
시로로	25	2	5005	1	1	30
			5028	1	1	30
			1855	1	1	500
			1860	1	1	500
			1890	1	1	500
			1865	1	1	500
			1870	1	1	500
			1875	1	1	500
			1880	1	1	500
			1885	1	1	500
			6074	1	1	500
샤칸	615	2	5005	1	1	30
			5028	1	1	30
			1855	1	1	500
			1860	1	1	500
			1890	1	1	500
			1865	1	1	500
			1870	1	1	500
			1875	1	1	500
			1880	1	1	500
			1885	1	1	500
			6074	1	1	500
기프트	682	2	5005	1	1	30
			5028	1	1	30
			1855	1	1	500
			1860	1	1	500
			1890	1	1	500
			1865	1	1	500
			1870	1	1	500
			1875	1	1	500
			1880	1	1	500
			1885	1	1	500
			6074	1	1	500
캡틴 팩	271	2	5005	1	1	30
			5028	1	1	30
			1855	1	1	500
			1860	1	1	500
			1890	1	1	500
			1865	1	1	500
			1870	1	1	500
			1875	1	1	500
			1880	1	1	500
			1885	1	1	500
			6074	1	1	500
차크돌	270	2	5005	1	1	30
			5028	1	1	30
			1855	1	1	500
			1860	1	1	500
			1890	1	1	500
			1865	1	1	500
			1870	1	1	500
			1875	1	1	500
			1880	1	1	500
			1885	1	1	500
			6074	1	1	500
타마라이	842	2	5005	1	1	30
			5028	1	1	30
			1855	1	1	500
			1860	1	1	500
			1890	1	1	500
			1865	1	1	500
			1870	1	1	500
			1875	1	1	500
			1880	1	1	500
			1885	1	1	500
			6074	1	1	500
스펠 웨어울프	298	2	5018	1	1	30
			1856	1	1	500
			1861	1	1	500
			1891	1	1	500
			1866	1	1	500
			1871	1	1	500
			1876	1	1	500
			1881	1	1	500
			1886	1	1	500
			6075	1	1	500
타라반	15	2	5018	1	1	30
			1856	1	1	500
			1861	1	1	500
			1891	1	1	500
			1866	1	1	500
			1871	1	1	500
			1876	1	1	500
			1881	1	1	500
			1886	1	1	500
			6075	1	1	500
롯소 만티코어	1082	2	5018	1	1	30
			1856	1	1	500
			1861	1	1	500
			1891	1	1	500
			1866	1	1	500
			1871	1	1	500
			1876	1	1	500
			1881	1	1	500
			1886	1	1	500
			6075	1	1	500
뮤라 퀸	1085	2	5018	1	1	30
			1856	1	1	500
			1861	1	1	500
			1891	1	1	500
			1866	1	1	500
			1871	1	1	500
			1876	1	1	500
			1881	1	1	500
			1886	1	1	500
			6075	1	1	500
달타 만티코어	1083	2	5018	1	1	30
			1856	1	1	500
			1861	1	1	500
			1891	1	1	500
			1866	1	1	500
			1871	1	1	500
			1876	1	1	500
			1881	1	1	500
			1886	1	1	500
			6075	1	1	500
로테 퀸	1086	2	5018	1	1	30
			1856	1	1	500
			1861	1	1	500
			1891	1	1	500
			1866	1	1	500
			1871	1	1	500
			1876	1	1	500
			1881	1	1	500
			1886	1	1	500
			6075	1	1	500
룬 만티코어	1084	2	5018	1	1	30
			1856	1	1	500
			1861	1	1	500
			1891	1	1	500
			1866	1	1	500
			1871	1	1	500
			1876	1	1	500
			1881	1	1	500
			1886	1	1	500
			6075	1	1	500
시링 퀸	1087	2	5018	1	1	30
			1856	1	1	500
			1861	1	1	500
			1891	1	1	500
			1866	1	1	500
			1871	1	1	500
			1876	1	1	500
			1881	1	1	500
			1886	1	1	500
			6075	1	1	500
리자드맨 로드	301	2	5006	1	1	30
			5027	1	1	30
			1855	1	1	500
			1860	1	1	500
			1890	1	1	500
			1865	1	1	500
			1870	1	1	500
			1875	1	1	500
			1880	1	1	500
			1885	1	1	500
			6074	1	1	500
브로큰 가디언	516	2	5006	1	1	30
			5027	1	1	30
			1855	1	1	500
			1860	1	1	500
			1890	1	1	500
			1865	1	1	500
			1870	1	1	500
			1875	1	1	500
			1880	1	1	500
			1885	1	1	500
			6074	1	1	500
레드사인	306	2	5006	1	1	30
			5027	1	1	30
			1855	1	1	500
			1860	1	1	500
			1890	1	1	500
			1865	1	1	500
			1870	1	1	500
			1875	1	1	500
			1880	1	1	500
			1885	1	1	500
			6074	1	1	500
리로드	312	2	5006	1	1	30
			5027	1	1	30
			1855	1	1	500
			1860	1	1	500
			1890	1	1	500
			1865	1	1	500
			1870	1	1	500
			1875	1	1	500
			1880	1	1	500
			1885	1	1	500
			6074	1	1	500
에베루	693	2	5006	1	1	30
			5027	1	1	30
			1855	1	1	500
			1860	1	1	500
			1890	1	1	500
			1865	1	1	500
			1870	1	1	500
			1875	1	1	500
			1880	1	1	500
			1885	1	1	500
			6074	1	1	500
사판	92	2	5006	1	1	30
			5027	1	1	30
			1855	1	1	500
			1860	1	1	500
			1890	1	1	500
			1865	1	1	500
			1870	1	1	500
			1875	1	1	500
			1880	1	1	500
			1885	1	1	500
			6074	1	1	500
플레임베어	307	2	5007	1	1	30
			5015	1	1	30
			5016	1	1	30
			5017	1	1	30
			1856	1	1	500
			1861	1	1	500
			1891	1	1	500
			1866	1	1	500
			1871	1	1	500
			1876	1	1	500
			1881	1	1	500
			1886	1	1	500
			6075	1	1	500
도적 돌격병	281	2	5007	1	1	30
			5015	1	1	30
			5016	1	1	30
			5017	1	1	30
			1856	1	1	500
			1861	1	1	500
			1891	1	1	500
			1866	1	1	500
			1871	1	1	500
			1876	1	1	500
			1881	1	1	500
			1886	1	1	500
			6075	1	1	500
포이즌 스파이더	983	2	5007	1	1	30
			5015	1	1	30
			5016	1	1	30
			5017	1	1	30
			1856	1	1	500
			1861	1	1	500
			1891	1	1	500
			1866	1	1	500
			1871	1	1	500
			1876	1	1	500
			1881	1	1	500
			1886	1	1	500
			6075	1	1	500
벳 케이즐	986	2	5007	1	1	30
			5015	1	1	30
			5016	1	1	30
			5017	1	1	30
			1856	1	1	500
			1861	1	1	500
			1891	1	1	500
			1866	1	1	500
			1871	1	1	500
			1876	1	1	500
			1881	1	1	500
			1886	1	1	500
			6075	1	1	500
거대 거미 기사	984	2	5007	1	1	30
			5015	1	1	30
			5016	1	1	30
			5017	1	1	30
			1856	1	1	500
			1861	1	1	500
			1891	1	1	500
			1866	1	1	500
			1871	1	1	500
			1876	1	1	500
			1881	1	1	500
			1886	1	1	500
			6075	1	1	500
동굴 박쥐 대장	987	2	5007	1	1	30
			5015	1	1	30
			5016	1	1	30
			5017	1	1	30
			1856	1	1	500
			1861	1	1	500
			1891	1	1	500
			1866	1	1	500
			1871	1	1	500
			1876	1	1	500
			1881	1	1	500
			1886	1	1	500
			6075	1	1	500
바비라그 천인대장	985	2	5007	1	1	30
			5015	1	1	30
			5016	1	1	30
			5017	1	1	30
			1856	1	1	500
			1861	1	1	500
			1891	1	1	500
			1866	1	1	500
			1871	1	1	500
			1876	1	1	500
			1881	1	1	500
			1886	1	1	500
			6075	1	1	500
노르겐 로드	988	2	5007	1	1	30
			5015	1	1	30
			5016	1	1	30
			5017	1	1	30
			1856	1	1	500
			1861	1	1	500
			1891	1	1	500
			1866	1	1	500
			1871	1	1	500
			1876	1	1	500
			1881	1	1	500
			1886	1	1	500
			6075	1	1	500
가고일 볼트	309	2	5015	1	1	30
			5016	1	1	30
			5017	1	1	30
			1856	1	1	500
			1861	1	1	500
			1891	1	1	500
			1866	1	1	500
			1871	1	1	500
			1876	1	1	500
			1881	1	1	500
			1886	1	1	500
			6075	1	1	500
마법박쥐 리더	194	2	5015	1	1	30
			5016	1	1	30
			5017	1	1	30
			1856	1	1	500
			1861	1	1	500
			1891	1	1	500
			1866	1	1	500
			1871	1	1	500
			1876	1	1	500
			1881	1	1	500
			1886	1	1	500
			6075	1	1	500
볼가	770	2	5015	1	1	30
			5016	1	1	30
			5017	1	1	30
			1856	1	1	500
			1861	1	1	500
			1891	1	1	500
			1866	1	1	500
			1871	1	1	500
			1876	1	1	500
			1881	1	1	500
			1886	1	1	500
			6075	1	1	500
스톤이터	311	2	5027	1	1	30
			1855	1	1	500
			1860	1	1	500
			1890	1	1	500
			1865	1	1	500
			1870	1	1	500
			1875	1	1	500
			1880	1	1	500
			1885	1	1	500
			6074	1	1	500
토탈 브로큰	485	2	5027	1	1	30
			1855	1	1	500
			1860	1	1	500
			1890	1	1	500
			1865	1	1	500
			1870	1	1	500
			1875	1	1	500
			1880	1	1	500
			1885	1	1	500
			6074	1	1	500
카이잔	620	2	5027	1	1	30
			1855	1	1	500
			1860	1	1	500
			1890	1	1	500
			1865	1	1	500
			1870	1	1	500
			1875	1	1	500
			1880	1	1	500
			1885	1	1	500
			6074	1	1	500
라지풋	695	2	5027	1	1	30
			1855	1	1	500
			1860	1	1	500
			1890	1	1	500
			1865	1	1	500
			1870	1	1	500
			1875	1	1	500
			1880	1	1	500
			1885	1	1	500
			6074	1	1	500
로키	329	2	5005	1	1	30
			5028	1	1	30
			1855	1	1	500
			1860	1	1	500
			1890	1	1	500
			1865	1	1	500
			1870	1	1	500
			1875	1	1	500
			1880	1	1	500
			1885	1	1	500
			6074	1	1	500
록픽	455	2	5005	1	1	30
			5028	1	1	30
			1855	1	1	500
			1860	1	1	500
			1890	1	1	500
			1865	1	1	500
			1870	1	1	500
			1875	1	1	500
			1880	1	1	500
			1885	1	1	500
			6074	1	1	500
슬럼	680	2	5005	1	1	30
			5028	1	1	30
			1855	1	1	500
			1860	1	1	500
			1890	1	1	500
			1865	1	1	500
			1870	1	1	500
			1875	1	1	500
			1880	1	1	500
			1885	1	1	500
			6074	1	1	500
홉고블린 족장	334	2	5019	1	1	30
			5009	1	1	30
			1856	1	1	500
			1861	1	1	500
			1891	1	1	500
			1866	1	1	500
			1871	1	1	500
			1876	1	1	500
			1881	1	1	500
			1886	1	1	500
			6075	1	1	500
켄타우르스 윈드러너	726	2	5019	1	1	30
			5009	1	1	30
			1856	1	1	500
			1861	1	1	500
			1891	1	1	500
			1866	1	1	500
			1871	1	1	500
			1876	1	1	500
			1881	1	1	500
			1886	1	1	500
			6075	1	1	500
크랍	53	2	5019	1	1	30
			5009	1	1	30
			1856	1	1	500
			1861	1	1	500
			1891	1	1	500
			1866	1	1	500
			1871	1	1	500
			1876	1	1	500
			1881	1	1	500
			1886	1	1	500
			6075	1	1	500
켈켈	54	2	5019	1	1	30
			5009	1	1	30
			1856	1	1	500
			1861	1	1	500
			1891	1	1	500
			1866	1	1	500
			1871	1	1	500
			1876	1	1	500
			1881	1	1	500
			1886	1	1	500
			6075	1	1	500
바이퍼 킹	337	2	5005	1	1	30
			5028	1	1	30
			1855	1	1	500
			1860	1	1	500
			1890	1	1	500
			1865	1	1	500
			1870	1	1	500
			1875	1	1	500
			1880	1	1	500
			1885	1	1	500
			6074	1	1	500
마이다스	40	2	5005	1	1	30
			5028	1	1	30
			1855	1	1	500
			1860	1	1	500
			1890	1	1	500
			1865	1	1	500
			1870	1	1	500
			1875	1	1	500
			1880	1	1	500
			1885	1	1	500
			6074	1	1	500
메이조	41	2	5005	1	1	30
			5028	1	1	30
			1855	1	1	500
			1860	1	1	500
			1890	1	1	500
			1865	1	1	500
			1870	1	1	500
			1875	1	1	500
			1880	1	1	500
			1885	1	1	500
			6074	1	1	500
하울	684	2	5005	1	1	30
			5028	1	1	30
			1855	1	1	500
			1860	1	1	500
			1890	1	1	500
			1865	1	1	500
			1870	1	1	500
			1875	1	1	500
			1880	1	1	500
			1885	1	1	500
			6074	1	1	500
루크	792	2	5005	1	1	30
			5028	1	1	30
			1855	1	1	500
			1860	1	1	500
			1890	1	1	500
			1865	1	1	500
			1870	1	1	500
			1875	1	1	500
			1880	1	1	500
			1885	1	1	500
			6074	1	1	500
리린 군주	350	2	5022	1	1	30
			1857	1	1	500
			1862	1	1	500
			1892	1	1	500
			1867	1	1	500
			1872	1	1	500
			1877	1	1	500
			1882	1	1	500
			1887	1	1	500
			6076	1	1	500
가스트 킹	353	2	5022	1	1	30
			1857	1	1	500
			1862	1	1	500
			1892	1	1	500
			1867	1	1	500
			1872	1	1	500
			1877	1	1	500
			1882	1	1	500
			1887	1	1	500
			6076	1	1	500
머포크 퀸	356	2	5022	1	1	30
			1857	1	1	500
			1862	1	1	500
			1892	1	1	500
			1867	1	1	500
			1872	1	1	500
			1877	1	1	500
			1882	1	1	500
			1887	1	1	500
			6076	1	1	500
놀 졸병	471	1	5005	1	1	30
스위치	56	1	5005	1	1	30
통통	276	1	5005	1	1	30
밴딜리언 병사	475	2	5028	1	1	30
			1855	1	1	500
			1860	1	1	500
			1890	1	1	500
			1865	1	1	500
			1870	1	1	500
			1875	1	1	500
			1880	1	1	500
			1885	1	1	500
			6074	1	1	500
베테랑 융	843	2	5028	1	1	30
			1855	1	1	500
			1860	1	1	500
			1890	1	1	500
			1865	1	1	500
			1870	1	1	500
			1875	1	1	500
			1880	1	1	500
			1885	1	1	500
			6074	1	1	500
로긴	685	2	5028	1	1	30
			1855	1	1	500
			1860	1	1	500
			1890	1	1	500
			1865	1	1	500
			1870	1	1	500
			1875	1	1	500
			1880	1	1	500
			1885	1	1	500
			6074	1	1	500
할루미넬	617	2	5028	1	1	30
			1855	1	1	500
			1860	1	1	500
			1890	1	1	500
			1865	1	1	500
			1870	1	1	500
			1875	1	1	500
			1880	1	1	500
			1885	1	1	500
			6074	1	1	500
실버 그리플러	507	2	5007	1	1	30
			5015	1	1	30
			5016	1	1	30
			5017	1	1	30
			1856	1	1	500
			1861	1	1	500
			1891	1	1	500
			1866	1	1	500
			1871	1	1	500
			1876	1	1	500
			1881	1	1	500
			1886	1	1	500
			6075	1	1	500
가디우스	703	2	5007	1	1	30
			5015	1	1	30
			5016	1	1	30
			5017	1	1	30
			1856	1	1	500
			1861	1	1	500
			1891	1	1	500
			1866	1	1	500
			1871	1	1	500
			1876	1	1	500
			1881	1	1	500
			1886	1	1	500
			6075	1	1	500
앙카져스	625	2	5007	1	1	30
			5015	1	1	30
			5016	1	1	30
			5017	1	1	30
			1856	1	1	500
			1861	1	1	500
			1891	1	1	500
			1866	1	1	500
			1871	1	1	500
			1876	1	1	500
			1881	1	1	500
			1886	1	1	500
			6075	1	1	500
어둠 암살자	989	2	5007	1	1	30
			5015	1	1	30
			5016	1	1	30
			5017	1	1	30
			1856	1	1	500
			1861	1	1	500
			1891	1	1	500
			1866	1	1	500
			1871	1	1	500
			1876	1	1	500
			1881	1	1	500
			1886	1	1	500
			6075	1	1	500
퀸 아레	992	2	5007	1	1	30
			5015	1	1	30
			5016	1	1	30
			5017	1	1	30
			1856	1	1	500
			1861	1	1	500
			1891	1	1	500
			1866	1	1	500
			1871	1	1	500
			1876	1	1	500
			1881	1	1	500
			1886	1	1	500
			6075	1	1	500
어설트 데드	990	2	5007	1	1	30
			5015	1	1	30
			5016	1	1	30
			5017	1	1	30
			1856	1	1	500
			1861	1	1	500
			1891	1	1	500
			1866	1	1	500
			1871	1	1	500
			1876	1	1	500
			1881	1	1	500
			1886	1	1	500
			6075	1	1	500
여왕 린	993	2	5007	1	1	30
			5015	1	1	30
			5016	1	1	30
			5017	1	1	30
			1856	1	1	500
			1861	1	1	500
			1891	1	1	500
			1866	1	1	500
			1871	1	1	500
			1876	1	1	500
			1881	1	1	500
			1886	1	1	500
			6075	1	1	500
다크 엑스맨	991	2	5007	1	1	30
			5015	1	1	30
			5016	1	1	30
			5017	1	1	30
			1856	1	1	500
			1861	1	1	500
			1891	1	1	500
			1866	1	1	500
			1871	1	1	500
			1876	1	1	500
			1881	1	1	500
			1886	1	1	500
			6075	1	1	500
여왕 바비라그	994	2	5007	1	1	30
			5015	1	1	30
			5016	1	1	30
			5017	1	1	30
			1856	1	1	500
			1861	1	1	500
			1891	1	1	500
			1866	1	1	500
			1871	1	1	500
			1876	1	1	500
			1881	1	1	500
			1886	1	1	500
			6075	1	1	500
다크 사바트	510	2	5008	1	1	30
			1856	1	1	500
			1861	1	1	500
			1891	1	1	500
			1866	1	1	500
			1871	1	1	500
			1876	1	1	500
			1881	1	1	500
			1886	1	1	500
			6075	1	1	500
케인독 대장	482	2	5008	1	1	30
			1856	1	1	500
			1861	1	1	500
			1891	1	1	500
			1866	1	1	500
			1871	1	1	500
			1876	1	1	500
			1881	1	1	500
			1886	1	1	500
			6075	1	1	500
라카타마라	627	2	5008	1	1	30
			1856	1	1	500
			1861	1	1	500
			1891	1	1	500
			1866	1	1	500
			1871	1	1	500
			1876	1	1	500
			1881	1	1	500
			1886	1	1	500
			6075	1	1	500
포돈	662	2	5008	1	1	30
			1856	1	1	500
			1861	1	1	500
			1891	1	1	500
			1866	1	1	500
			1871	1	1	500
			1876	1	1	500
			1881	1	1	500
			1886	1	1	500
			6075	1	1	500
딩	705	2	5008	1	1	30
			1856	1	1	500
			1861	1	1	500
			1891	1	1	500
			1866	1	1	500
			1871	1	1	500
			1876	1	1	500
			1881	1	1	500
			1886	1	1	500
			6075	1	1	500
다크아이	784	2	5008	1	1	30
			1856	1	1	500
			1861	1	1	500
			1891	1	1	500
			1866	1	1	500
			1871	1	1	500
			1876	1	1	500
			1881	1	1	500
			1886	1	1	500
			6075	1	1	500
윌나르	628	2	5008	1	1	30
			1856	1	1	500
			1861	1	1	500
			1891	1	1	500
			1866	1	1	500
			1871	1	1	500
			1876	1	1	500
			1881	1	1	500
			1886	1	1	500
			6075	1	1	500
그린드래곤 익실라이콘	530	2	5008	1	1	30
			1856	1	1	500
			1861	1	1	500
			1891	1	1	500
			1866	1	1	500
			1871	1	1	500
			1876	1	1	500
			1881	1	1	500
			1886	1	1	500
			6075	1	1	500
브라운드래곤 갈큐아란	540	2	5008	1	1	30
			1856	1	1	500
			1861	1	1	500
			1891	1	1	500
			1866	1	1	500
			1871	1	1	500
			1876	1	1	500
			1881	1	1	500
			1886	1	1	500
			6075	1	1	500
본드래곤 하란가룬	778	2	5008	1	1	30
			1856	1	1	500
			1861	1	1	500
			1891	1	1	500
			1866	1	1	500
			1871	1	1	500
			1876	1	1	500
			1881	1	1	500
			1886	1	1	500
			6075	1	1	500
브로큰 어벤져	515	2	5006	1	1	30
			5027	1	1	30
			1855	1	1	500
			1860	1	1	500
			1890	1	1	500
			1865	1	1	500
			1870	1	1	500
			1875	1	1	500
			1880	1	1	500
			1885	1	1	500
			6074	1	1	500
소돔	806	2	5006	1	1	30
			5027	1	1	30
			1855	1	1	500
			1860	1	1	500
			1890	1	1	500
			1865	1	1	500
			1870	1	1	500
			1875	1	1	500
			1880	1	1	500
			1885	1	1	500
			6074	1	1	500
아슬	691	2	5006	1	1	30
			5027	1	1	30
			1855	1	1	500
			1860	1	1	500
			1890	1	1	500
			1865	1	1	500
			1870	1	1	500
			1875	1	1	500
			1880	1	1	500
			1885	1	1	500
			6074	1	1	500
아리아	93	2	5006	1	1	30
			5027	1	1	30
			1855	1	1	500
			1860	1	1	500
			1890	1	1	500
			1865	1	1	500
			1870	1	1	500
			1875	1	1	500
			1880	1	1	500
			1885	1	1	500
			6074	1	1	500
다크와이번	630	2	5009	1	1	30
			1856	1	1	500
			1861	1	1	500
			1891	1	1	500
			1866	1	1	500
			1871	1	1	500
			1876	1	1	500
			1881	1	1	500
			1886	1	1	500
			6075	1	1	500
코볼트 투척병	927	2	5009	1	1	30
			1856	1	1	500
			1861	1	1	500
			1891	1	1	500
			1866	1	1	500
			1871	1	1	500
			1876	1	1	500
			1881	1	1	500
			1886	1	1	500
			6075	1	1	500
사자의 여왕	654	2	5009	1	1	30
			1856	1	1	500
			1861	1	1	500
			1891	1	1	500
			1866	1	1	500
			1871	1	1	500
			1876	1	1	500
			1881	1	1	500
			1886	1	1	500
			6075	1	1	500
칼립 도적단 돌격병	1148	2	5009	1	1	30
			1856	1	1	500
			1861	1	1	500
			1891	1	1	500
			1866	1	1	500
			1871	1	1	500
			1876	1	1	500
			1881	1	1	500
			1886	1	1	500
			6075	1	1	500
제롬 도적대 용병	1149	2	5009	1	1	30
			1856	1	1	500
			1861	1	1	500
			1891	1	1	500
			1866	1	1	500
			1871	1	1	500
			1876	1	1	500
			1881	1	1	500
			1886	1	1	500
			6075	1	1	500
검은 암살대 전투병	1150	2	5009	1	1	30
			1856	1	1	500
			1861	1	1	500
			1891	1	1	500
			1866	1	1	500
			1871	1	1	500
			1876	1	1	500
			1881	1	1	500
			1886	1	1	500
			6075	1	1	500
파라오 킹	656	2	5012	1	1	30
			1857	1	1	500
			1862	1	1	500
			1892	1	1	500
			1867	1	1	500
			1872	1	1	500
			1877	1	1	500
			1882	1	1	500
			1887	1	1	500
			6076	1	1	500
아만토르그	906	2	5012	1	1	30
			1857	1	1	500
			1862	1	1	500
			1892	1	1	500
			1867	1	1	500
			1872	1	1	500
			1877	1	1	500
			1882	1	1	500
			1887	1	1	500
			6076	1	1	500
파마슈라	664	2	5018	1	1	30
			1856	1	1	500
			1861	1	1	500
			1891	1	1	500
			1866	1	1	500
			1871	1	1	500
			1876	1	1	500
			1881	1	1	500
			1886	1	1	500
			6075	1	1	500
샤마슈라	665	2	5018	1	1	30
			1856	1	1	500
			1861	1	1	500
			1891	1	1	500
			1866	1	1	500
			1871	1	1	500
			1876	1	1	500
			1881	1	1	500
			1886	1	1	500
			6075	1	1	500
록볼	671	1	5026	1	1	30
버닝아이	672	1	5026	1	1	30
빅 레이지	673	1	5026	1	1	30
가롯	674	1	5026	1	1	30
카르카스	696	2	5027	1	1	30
			1855	1	1	500
			1860	1	1	500
			1890	1	1	500
			1865	1	1	500
			1870	1	1	500
			1875	1	1	500
			1880	1	1	500
			1885	1	1	500
			6074	1	1	500
로고	697	2	5027	1	1	30
			1855	1	1	500
			1860	1	1	500
			1890	1	1	500
			1865	1	1	500
			1870	1	1	500
			1875	1	1	500
			1880	1	1	500
			1885	1	1	500
			6074	1	1	500
만	698	2	5027	1	1	30
			1855	1	1	500
			1860	1	1	500
			1890	1	1	500
			1865	1	1	500
			1870	1	1	500
			1875	1	1	500
			1880	1	1	500
			1885	1	1	500
			6074	1	1	500
보그만	91	2	5027	1	1	30
			1855	1	1	500
			1860	1	1	500
			1890	1	1	500
			1865	1	1	500
			1870	1	1	500
			1875	1	1	500
			1880	1	1	500
			1885	1	1	500
			6074	1	1	500
모벳 로드	711	2	5019	1	1	30
			1857	1	1	500
			1862	1	1	500
			1892	1	1	500
			1867	1	1	500
			1872	1	1	500
			1877	1	1	500
			1882	1	1	500
			1887	1	1	500
			6076	1	1	500
와르자크	782	2	5019	1	1	30
			1857	1	1	500
			1862	1	1	500
			1892	1	1	500
			1867	1	1	500
			1872	1	1	500
			1877	1	1	500
			1882	1	1	500
			1887	1	1	500
			6076	1	1	500
코르소스	763	2	5019	1	1	30
			1857	1	1	500
			1862	1	1	500
			1892	1	1	500
			1867	1	1	500
			1872	1	1	500
			1877	1	1	500
			1882	1	1	500
			1887	1	1	500
			6076	1	1	500
블리지	790	2	5019	1	1	30
			1857	1	1	500
			1862	1	1	500
			1892	1	1	500
			1867	1	1	500
			1872	1	1	500
			1877	1	1	500
			1882	1	1	500
			1887	1	1	500
			6076	1	1	500
롱고	764	2	5019	1	1	30
			1857	1	1	500
			1862	1	1	500
			1892	1	1	500
			1867	1	1	500
			1872	1	1	500
			1877	1	1	500
			1882	1	1	500
			1887	1	1	500
			6076	1	1	500
루시벨	563	2	5019	1	1	30
			1857	1	1	500
			1862	1	1	500
			1892	1	1	500
			1867	1	1	500
			1872	1	1	500
			1877	1	1	500
			1882	1	1	500
			1887	1	1	500
			6076	1	1	500
에이글	1328	2	5019	1	1	30
			1857	1	1	500
			1862	1	1	500
			1892	1	1	500
			1867	1	1	500
			1872	1	1	500
			1877	1	1	500
			1882	1	1	500
			1887	1	1	500
			6076	1	1	500
마릴리스 프린세스	716	2	5019	1	1	30
			1857	1	1	500
			1862	1	1	500
			1892	1	1	500
			1867	1	1	500
			1872	1	1	500
			1877	1	1	500
			1882	1	1	500
			1887	1	1	500
			6076	1	1	500
윈드윙 하피	320	2	5019	1	1	30
			1857	1	1	500
			1862	1	1	500
			1892	1	1	500
			1867	1	1	500
			1872	1	1	500
			1877	1	1	500
			1882	1	1	500
			1887	1	1	500
			6076	1	1	500
쉬나	779	2	5019	1	1	30
			1857	1	1	500
			1862	1	1	500
			1892	1	1	500
			1867	1	1	500
			1872	1	1	500
			1877	1	1	500
			1882	1	1	500
			1887	1	1	500
			6076	1	1	500
히리피나	707	2	5019	1	1	30
			1857	1	1	500
			1862	1	1	500
			1892	1	1	500
			1867	1	1	500
			1872	1	1	500
			1877	1	1	500
			1882	1	1	500
			1887	1	1	500
			6076	1	1	500
롤랜도	762	2	5019	1	1	30
			1857	1	1	500
			1862	1	1	500
			1892	1	1	500
			1867	1	1	500
			1872	1	1	500
			1877	1	1	500
			1882	1	1	500
			1887	1	1	500
			6076	1	1	500
블러드본 다크브레서	547	2	5019	1	1	30
			1857	1	1	500
			1862	1	1	500
			1892	1	1	500
			1867	1	1	500
			1872	1	1	500
			1877	1	1	500
			1882	1	1	500
			1887	1	1	500
			6076	1	1	500
디란	1326	2	5019	1	1	30
			1857	1	1	500
			1862	1	1	500
			1892	1	1	500
			1867	1	1	500
			1872	1	1	500
			1877	1	1	500
			1882	1	1	500
			1887	1	1	500
			6076	1	1	500
군나르	1327	2	5019	1	1	30
			1857	1	1	500
			1862	1	1	500
			1892	1	1	500
			1867	1	1	500
			1872	1	1	500
			1877	1	1	500
			1882	1	1	500
			1887	1	1	500
			6076	1	1	500
기간테스	717	2	5019	1	1	30
			1857	1	1	500
			1862	1	1	500
			1892	1	1	500
			1867	1	1	500
			1872	1	1	500
			1877	1	1	500
			1882	1	1	500
			1887	1	1	500
			6076	1	1	500
모르타르	904	2	5019	1	1	30
			1857	1	1	500
			1862	1	1	500
			1892	1	1	500
			1867	1	1	500
			1872	1	1	500
			1877	1	1	500
			1882	1	1	500
			1887	1	1	500
			6076	1	1	500
파르간	773	2	5019	1	1	30
			1857	1	1	500
			1862	1	1	500
			1892	1	1	500
			1867	1	1	500
			1872	1	1	500
			1877	1	1	500
			1882	1	1	500
			1887	1	1	500
			6076	1	1	500
성크	780	2	5019	1	1	30
			1857	1	1	500
			1862	1	1	500
			1892	1	1	500
			1867	1	1	500
			1872	1	1	500
			1877	1	1	500
			1882	1	1	500
			1887	1	1	500
			6076	1	1	500
그리폰	718	2	5010	1	1	30
			1857	1	1	500
			1862	1	1	500
			1892	1	1	500
			1867	1	1	500
			1872	1	1	500
			1877	1	1	500
			1882	1	1	500
			1887	1	1	500
			6076	1	1	500
서드너	28	2	5010	1	1	30
			1857	1	1	500
			1862	1	1	500
			1892	1	1	500
			1867	1	1	500
			1872	1	1	500
			1877	1	1	500
			1882	1	1	500
			1887	1	1	500
			6076	1	1	500
윈드라이너	1334	2	5010	1	1	30
			1857	1	1	500
			1862	1	1	500
			1892	1	1	500
			1867	1	1	500
			1872	1	1	500
			1877	1	1	500
			1882	1	1	500
			1887	1	1	500
			6076	1	1	500
윈드러너	1335	2	5010	1	1	30
			1857	1	1	500
			1862	1	1	500
			1892	1	1	500
			1867	1	1	500
			1872	1	1	500
			1877	1	1	500
			1882	1	1	500
			1887	1	1	500
			6076	1	1	500
왈라야 친위대	1336	2	5010	1	1	30
			1857	1	1	500
			1862	1	1	500
			1892	1	1	500
			1867	1	1	500
			1872	1	1	500
			1877	1	1	500
			1882	1	1	500
			1887	1	1	500
			6076	1	1	500
뱀파이어 프린스	724	2	5010	1	1	30
			5020	1	1	30
			1857	1	1	500
			1862	1	1	500
			1892	1	1	500
			1867	1	1	500
			1872	1	1	500
			1877	1	1	500
			1882	1	1	500
			1887	1	1	500
			6076	1	1	500
주커	785	2	5010	1	1	30
			5020	1	1	30
			1857	1	1	500
			1862	1	1	500
			1892	1	1	500
			1867	1	1	500
			1872	1	1	500
			1877	1	1	500
			1882	1	1	500
			1887	1	1	500
			6076	1	1	500
쇼커	786	2	5010	1	1	30
			5020	1	1	30
			1857	1	1	500
			1862	1	1	500
			1892	1	1	500
			1867	1	1	500
			1872	1	1	500
			1877	1	1	500
			1882	1	1	500
			1887	1	1	500
			6076	1	1	500
보리스키	787	2	5010	1	1	30
			5020	1	1	30
			1857	1	1	500
			1862	1	1	500
			1892	1	1	500
			1867	1	1	500
			1872	1	1	500
			1877	1	1	500
			1882	1	1	500
			1887	1	1	500
			6076	1	1	500
플라잉 스틸	1337	2	5010	1	1	30
			5020	1	1	30
			1857	1	1	500
			1862	1	1	500
			1892	1	1	500
			1867	1	1	500
			1872	1	1	500
			1877	1	1	500
			1882	1	1	500
			1887	1	1	500
			6076	1	1	500
카다츠람	1338	2	5010	1	1	30
			5020	1	1	30
			1857	1	1	500
			1862	1	1	500
			1892	1	1	500
			1867	1	1	500
			1872	1	1	500
			1877	1	1	500
			1882	1	1	500
			1887	1	1	500
			6076	1	1	500
파렌	1339	2	5010	1	1	30
			5020	1	1	30
			1857	1	1	500
			1862	1	1	500
			1892	1	1	500
			1867	1	1	500
			1872	1	1	500
			1877	1	1	500
			1882	1	1	500
			1887	1	1	500
			6076	1	1	500
파렌 시녀단	1389	2	5010	1	1	30
			5020	1	1	30
			1857	1	1	500
			1862	1	1	500
			1892	1	1	500
			1867	1	1	500
			1872	1	1	500
			1877	1	1	500
			1882	1	1	500
			1887	1	1	500
			6076	1	1	500
로담 디펜더	1390	2	5010	1	1	30
			5020	1	1	30
			1857	1	1	500
			1862	1	1	500
			1892	1	1	500
			1867	1	1	500
			1872	1	1	500
			1877	1	1	500
			1882	1	1	500
			1887	1	1	500
			6076	1	1	500
라미아 퀸	747	2	5020	1	1	30
			1857	1	1	500
			1862	1	1	500
			1892	1	1	500
			1867	1	1	500
			1872	1	1	500
			1877	1	1	500
			1882	1	1	500
			1887	1	1	500
			6076	1	1	500
리스키	775	2	5020	1	1	30
			1857	1	1	500
			1862	1	1	500
			1892	1	1	500
			1867	1	1	500
			1872	1	1	500
			1877	1	1	500
			1882	1	1	500
			1887	1	1	500
			6076	1	1	500
퀴리니아	1341	2	5020	1	1	30
			1857	1	1	500
			1862	1	1	500
			1892	1	1	500
			1867	1	1	500
			1872	1	1	500
			1877	1	1	500
			1882	1	1	500
			1887	1	1	500
			6076	1	1	500
윈드 호크	1342	2	5020	1	1	30
			1857	1	1	500
			1862	1	1	500
			1892	1	1	500
			1867	1	1	500
			1872	1	1	500
			1877	1	1	500
			1882	1	1	500
			1887	1	1	500
			6076	1	1	500
레키	767	2	5006	1	1	30
			1855	1	1	500
			1860	1	1	500
			1890	1	1	500
			1865	1	1	500
			1870	1	1	500
			1875	1	1	500
			1880	1	1	500
			1885	1	1	500
			6074	1	1	500
헬다이	769	2	5006	1	1	30
			1855	1	1	500
			1860	1	1	500
			1890	1	1	500
			1865	1	1	500
			1870	1	1	500
			1875	1	1	500
			1880	1	1	500
			1885	1	1	500
			6074	1	1	500
바이칸	794	2	5020	1	1	30
			1857	1	1	500
			1862	1	1	500
			1892	1	1	500
			1867	1	1	500
			1872	1	1	500
			1877	1	1	500
			1882	1	1	500
			1887	1	1	500
			6076	1	1	500
빅히트 구울	1343	2	5020	1	1	30
			1857	1	1	500
			1862	1	1	500
			1892	1	1	500
			1867	1	1	500
			1872	1	1	500
			1877	1	1	500
			1882	1	1	500
			1887	1	1	500
			6076	1	1	500
제피란	1344	2	5020	1	1	30
			1857	1	1	500
			1862	1	1	500
			1892	1	1	500
			1867	1	1	500
			1872	1	1	500
			1877	1	1	500
			1882	1	1	500
			1887	1	1	500
			6076	1	1	500
타르탄	1345	2	5020	1	1	30
			1857	1	1	500
			1862	1	1	500
			1892	1	1	500
			1867	1	1	500
			1872	1	1	500
			1877	1	1	500
			1882	1	1	500
			1887	1	1	500
			6076	1	1	500
호크애로우 킹	809	2	5021	1	1	30
			1857	1	1	500
			1862	1	1	500
			1892	1	1	500
			1867	1	1	500
			1872	1	1	500
			1877	1	1	500
			1882	1	1	500
			1887	1	1	500
			6076	1	1	500
서큐버스 프리미어	837	2	5021	1	1	30
			1857	1	1	500
			1862	1	1	500
			1892	1	1	500
			1867	1	1	500
			1872	1	1	500
			1877	1	1	500
			1882	1	1	500
			1887	1	1	500
			6076	1	1	500
에리니에스 지휘관	811	2	5021	1	1	30
			1857	1	1	500
			1862	1	1	500
			1892	1	1	500
			1867	1	1	500
			1872	1	1	500
			1877	1	1	500
			1882	1	1	500
			1887	1	1	500
			6076	1	1	500
상위 프리지 본드맨	824	2	5021	1	1	30
			1857	1	1	500
			1862	1	1	500
			1892	1	1	500
			1867	1	1	500
			1872	1	1	500
			1877	1	1	500
			1882	1	1	500
			1887	1	1	500
			6076	1	1	500
나이트 리더	1213	2	5021	1	1	30
			1857	1	1	500
			1862	1	1	500
			1892	1	1	500
			1867	1	1	500
			1872	1	1	500
			1877	1	1	500
			1882	1	1	500
			1887	1	1	500
			6076	1	1	500
버서커 앨리트	1217	2	5021	1	1	30
			1857	1	1	500
			1862	1	1	500
			1892	1	1	500
			1867	1	1	500
			1872	1	1	500
			1877	1	1	500
			1882	1	1	500
			1887	1	1	500
			6076	1	1	500
아처 캡틴	1221	2	5021	1	1	30
			1857	1	1	500
			1862	1	1	500
			1892	1	1	500
			1867	1	1	500
			1872	1	1	500
			1877	1	1	500
			1882	1	1	500
			1887	1	1	500
			6076	1	1	500
소서러 메이저	1225	2	5021	1	1	30
			1857	1	1	500
			1862	1	1	500
			1892	1	1	500
			1867	1	1	500
			1872	1	1	500
			1877	1	1	500
			1882	1	1	500
			1887	1	1	500
			6076	1	1	500
블란트 퀸	1304	2	5021	1	1	30
			1857	1	1	500
			1862	1	1	500
			1892	1	1	500
			1867	1	1	500
			1872	1	1	500
			1877	1	1	500
			1882	1	1	500
			1887	1	1	500
			6076	1	1	500
귀족 리치	821	2	5021	1	1	30
			1857	1	1	500
			1862	1	1	500
			1892	1	1	500
			1867	1	1	500
			1872	1	1	500
			1877	1	1	500
			1882	1	1	500
			1887	1	1	500
			6076	1	1	500
어덜트 호크애로우	829	2	5011	1	1	30
			5021	1	1	30
			1857	1	1	500
			1862	1	1	500
			1892	1	1	500
			1867	1	1	500
			1872	1	1	500
			1877	1	1	500
			1882	1	1	500
			1887	1	1	500
			6076	1	1	500
에우리알레 병사	832	2	5010	1	1	30
			1857	1	1	500
			1862	1	1	500
			1892	1	1	500
			1867	1	1	500
			1872	1	1	500
			1877	1	1	500
			1882	1	1	500
			1887	1	1	500
			6076	1	1	500
이그나투스	612	2	5010	1	1	30
			1857	1	1	500
			1862	1	1	500
			1892	1	1	500
			1867	1	1	500
			1872	1	1	500
			1877	1	1	500
			1882	1	1	500
			1887	1	1	500
			6076	1	1	500
드레인	1333	2	5010	1	1	30
			1857	1	1	500
			1862	1	1	500
			1892	1	1	500
			1867	1	1	500
			1872	1	1	500
			1877	1	1	500
			1882	1	1	500
			1887	1	1	500
			6076	1	1	500
듀리븐 서처	854	2	5010	1	1	30
			5020	1	1	30
			1857	1	1	500
			1862	1	1	500
			1892	1	1	500
			1867	1	1	500
			1872	1	1	500
			1877	1	1	500
			1882	1	1	500
			1887	1	1	500
			6076	1	1	500
스파르타	912	2	5010	1	1	30
			5020	1	1	30
			1857	1	1	500
			1862	1	1	500
			1892	1	1	500
			1867	1	1	500
			1872	1	1	500
			1877	1	1	500
			1882	1	1	500
			1887	1	1	500
			6076	1	1	500
로바톰	855	2	5010	1	1	30
			5020	1	1	30
			1857	1	1	500
			1862	1	1	500
			1892	1	1	500
			1867	1	1	500
			1872	1	1	500
			1877	1	1	500
			1882	1	1	500
			1887	1	1	500
			6076	1	1	500
다리타룬	1340	2	5010	1	1	30
			5020	1	1	30
			1857	1	1	500
			1862	1	1	500
			1892	1	1	500
			1867	1	1	500
			1872	1	1	500
			1877	1	1	500
			1882	1	1	500
			1887	1	1	500
			6076	1	1	500
퀘아사 심판관	875	2	5012	1	1	30
			1857	1	1	500
			1862	1	1	500
			1892	1	1	500
			1867	1	1	500
			1872	1	1	500
			1877	1	1	500
			1882	1	1	500
			1887	1	1	500
			6076	1	1	500
파라오 기사	839	2	5012	1	1	30
			1857	1	1	500
			1862	1	1	500
			1892	1	1	500
			1867	1	1	500
			1872	1	1	500
			1877	1	1	500
			1882	1	1	500
			1887	1	1	500
			6076	1	1	500
히라 졸병	884	2	5012	1	1	30
			5022	1	1	30
			1857	1	1	500
			1862	1	1	500
			1892	1	1	500
			1867	1	1	500
			1872	1	1	500
			1877	1	1	500
			1882	1	1	500
			1887	1	1	500
			6076	1	1	500
히라 대장	885	2	5012	1	1	30
			5022	1	1	30
			1857	1	1	500
			1862	1	1	500
			1892	1	1	500
			1867	1	1	500
			1872	1	1	500
			1877	1	1	500
			1882	1	1	500
			1887	1	1	500
			6076	1	1	500
페이트 인섹트	1259	2	5012	1	1	30
			5022	1	1	30
			1857	1	1	500
			1862	1	1	500
			1892	1	1	500
			1867	1	1	500
			1872	1	1	500
			1877	1	1	500
			1882	1	1	500
			1887	1	1	500
			6076	1	1	500
발러	817	2	5012	1	1	30
			5022	1	1	30
			1857	1	1	500
			1862	1	1	500
			1892	1	1	500
			1867	1	1	500
			1872	1	1	500
			1877	1	1	500
			1882	1	1	500
			1887	1	1	500
			6076	1	1	500
리린 병사	217	2	5012	1	1	30
			5022	1	1	30
			1857	1	1	500
			1862	1	1	500
			1892	1	1	500
			1867	1	1	500
			1872	1	1	500
			1877	1	1	500
			1882	1	1	500
			1887	1	1	500
			6076	1	1	500
레퀴메스 왕	888	1	5013	1	1	30
로톤 윈드러너	245	1	5013	1	1	30
스몰 차임	347	1	5013	1	1	30
암브로드 헬마이티	889	2	5022	1	1	30
			1857	1	1	500
			1862	1	1	500
			1892	1	1	500
			1867	1	1	500
			1872	1	1	500
			1877	1	1	500
			1882	1	1	500
			1887	1	1	500
			6076	1	1	500
디바이드 나이트 로드	1233	2	5022	1	1	30
			1857	1	1	500
			1862	1	1	500
			1892	1	1	500
			1867	1	1	500
			1872	1	1	500
			1877	1	1	500
			1882	1	1	500
			1887	1	1	500
			6076	1	1	500
미스틱 버서커 히어로	1241	2	5022	1	1	30
			1857	1	1	500
			1862	1	1	500
			1892	1	1	500
			1867	1	1	500
			1872	1	1	500
			1877	1	1	500
			1882	1	1	500
			1887	1	1	500
			6076	1	1	500
팬텀 아처 마스터	1249	2	5022	1	1	30
			1857	1	1	500
			1862	1	1	500
			1892	1	1	500
			1867	1	1	500
			1872	1	1	500
			1877	1	1	500
			1882	1	1	500
			1887	1	1	500
			6076	1	1	500
케오스 소서러 마이스터	1257	2	5022	1	1	30
			1857	1	1	500
			1862	1	1	500
			1892	1	1	500
			1867	1	1	500
			1872	1	1	500
			1877	1	1	500
			1882	1	1	500
			1887	1	1	500
			6076	1	1	500
에펠 졸병	221	2	5022	1	1	30
			1857	1	1	500
			1862	1	1	500
			1892	1	1	500
			1867	1	1	500
			1872	1	1	500
			1877	1	1	500
			1882	1	1	500
			1887	1	1	500
			6076	1	1	500
비늘 병사	263	2	5022	1	1	30
			1857	1	1	500
			1862	1	1	500
			1892	1	1	500
			1867	1	1	500
			1872	1	1	500
			1877	1	1	500
			1882	1	1	500
			1887	1	1	500
			6076	1	1	500
발러 킹	898	1	5023	1	1	30
크랩틸 라이트닝	1313	1	5023	1	1	30
실핀드	1388	1	5023	1	1	60
			4800	1	1	800
절망의 감시자	208	1	5023	1	1	30
절망의 전달자	209	1	5023	1	1	30
코볼트 흑마법사	916	2	5009	1	1	30
			5019	1	1	30
			1857	1	1	500
			1862	1	1	500
			1892	1	1	500
			1867	1	1	500
			1872	1	1	500
			1877	1	1	500
			1882	1	1	500
			1887	1	1	500
			6076	1	1	500
얄퀴나스	1163	2	5009	1	1	30
			5019	1	1	30
			1857	1	1	500
			1862	1	1	500
			1892	1	1	500
			1867	1	1	500
			1872	1	1	500
			1877	1	1	500
			1882	1	1	500
			1887	1	1	500
			6076	1	1	500
앙클 놀 백인대장	1166	2	5009	1	1	30
			5019	1	1	30
			1857	1	1	500
			1862	1	1	500
			1892	1	1	500
			1867	1	1	500
			1872	1	1	500
			1877	1	1	500
			1882	1	1	500
			1887	1	1	500
			6076	1	1	500
화리둔	1164	2	5009	1	1	30
			5019	1	1	30
			1857	1	1	500
			1862	1	1	500
			1892	1	1	500
			1867	1	1	500
			1872	1	1	500
			1877	1	1	500
			1882	1	1	500
			1887	1	1	500
			6076	1	1	500
라몬 놀 백인대장	1167	2	5009	1	1	30
			5019	1	1	30
			1857	1	1	500
			1862	1	1	500
			1892	1	1	500
			1867	1	1	500
			1872	1	1	500
			1877	1	1	500
			1882	1	1	500
			1887	1	1	500
			6076	1	1	500
기르간	1165	2	5009	1	1	30
			5019	1	1	30
			1857	1	1	500
			1862	1	1	500
			1892	1	1	500
			1867	1	1	500
			1872	1	1	500
			1877	1	1	500
			1882	1	1	500
			1887	1	1	500
			6076	1	1	500
지르카 놀 백인대장	1168	2	5009	1	1	30
			5019	1	1	30
			1857	1	1	500
			1862	1	1	500
			1892	1	1	500
			1867	1	1	500
			1872	1	1	500
			1877	1	1	500
			1882	1	1	500
			1887	1	1	500
			6076	1	1	500
라리아네	1323	2	5009	1	1	30
			5019	1	1	30
			1857	1	1	500
			1862	1	1	500
			1892	1	1	500
			1867	1	1	500
			1872	1	1	500
			1877	1	1	500
			1882	1	1	500
			1887	1	1	500
			6076	1	1	500
제로	917	2	5013	1	1	30
			1857	1	1	500
			1862	1	1	500
			1892	1	1	500
			1867	1	1	500
			1872	1	1	500
			1877	1	1	500
			1882	1	1	500
			1887	1	1	500
			6076	1	1	500
블랭크	919	2	5013	1	1	30
			1857	1	1	500
			1862	1	1	500
			1892	1	1	500
			1867	1	1	500
			1872	1	1	500
			1877	1	1	500
			1882	1	1	500
			1887	1	1	500
			6076	1	1	500
미스터리오	918	2	5013	1	1	30
			1857	1	1	500
			1862	1	1	500
			1892	1	1	500
			1867	1	1	500
			1872	1	1	500
			1877	1	1	500
			1882	1	1	500
			1887	1	1	500
			6076	1	1	500
바쉬	909	2	5013	1	1	30
			1857	1	1	500
			1862	1	1	500
			1892	1	1	500
			1867	1	1	500
			1872	1	1	500
			1877	1	1	500
			1882	1	1	500
			1887	1	1	500
			6076	1	1	500
바쿰	910	2	5013	1	1	30
			1857	1	1	500
			1862	1	1	500
			1892	1	1	500
			1867	1	1	500
			1872	1	1	500
			1877	1	1	500
			1882	1	1	500
			1887	1	1	500
			6076	1	1	500
타라	911	2	5013	1	1	30
			1857	1	1	500
			1862	1	1	500
			1892	1	1	500
			1867	1	1	500
			1872	1	1	500
			1877	1	1	500
			1882	1	1	500
			1887	1	1	500
			6076	1	1	500
타워 나이트	1229	2	5012	1	1	30
			5022	1	1	30
			1857	1	1	500
			1862	1	1	500
			1892	1	1	500
			1867	1	1	500
			1872	1	1	500
			1877	1	1	500
			1882	1	1	500
			1887	1	1	500
			6076	1	1	500
블러드 소울 버서커	1237	2	5012	1	1	30
			5022	1	1	30
			1857	1	1	500
			1862	1	1	500
			1892	1	1	500
			1867	1	1	500
			1872	1	1	500
			1877	1	1	500
			1882	1	1	500
			1887	1	1	500
			6076	1	1	500
새도우 체인 아처	1245	2	5012	1	1	30
			5022	1	1	30
			1857	1	1	500
			1862	1	1	500
			1892	1	1	500
			1867	1	1	500
			1872	1	1	500
			1877	1	1	500
			1882	1	1	500
			1887	1	1	500
			6076	1	1	500
키퍼 스태프 소서러	1253	2	5012	1	1	30
			5022	1	1	30
			1857	1	1	500
			1862	1	1	500
			1892	1	1	500
			1867	1	1	500
			1872	1	1	500
			1877	1	1	500
			1882	1	1	500
			1887	1	1	500
			6076	1	1	500
라폰티프 모타르	1293	1	5023	1	1	30
데스뮤트	1394	1	5023	1	1	60
			4800	1	1	800
섀도우 프리미어	225	1	5023	1	1	30
와이트 노블	246	1	5023	1	1	30
호문클루스 지휘관	342	1	5023	1	1	30
배반의 전사	206	1	5023	1	1	30
배반의 채찍	207	1	5023	1	1	30
플레어 바운드	1308	1	5014	1	1	30
			5024	1	1	30
네크로스 네트	1316	1	5014	1	1	30
			5024	1	1	30
파멸의 이빨	199	1	5014	1	1	30
			5024	1	1	30
배반의 군주	200	1	5014	1	1	30
			5024	1	1	30
썬더헤드	360	1	5014	1	1	60
			5024	1	1	60
			4801	1	1	1600
			4800	1	1	2500
블랙 하트로더	1352	1	5014	1	1	30
샤크 실버	235	1	5014	1	1	30
질풍의 날개	210	1	5014	1	1	30
질풍의 부리	211	1	5014	1	1	30
오우거보스	1357	1	5014	1	1	30
			5024	1	1	30
루인 워리어	1360	1	5014	1	1	30
			5024	1	1	30
제부스 크러셔	1294	1	5014	1	1	30
			5024	1	1	30
혈화의 낫	202	1	5014	1	1	30
			5024	1	1	30
탐욕의 기사	203	1	5014	1	1	30
			5024	1	1	30
아이블랍	364	1	5014	1	1	30
			5024	1	1	30
페인그로우	1363	1	5014	1	1	30
			4800	1	1	2500
제부스 스카우트	1297	1	5014	1	1	30
샤크 킹	352	1	5014	1	1	30
가리 왕	355	1	5014	1	1	30
라탄 트롤 두목	358	1	5014	1	1	30
혈화의 검	212	1	5014	1	1	30
하이왓쳐	359	1	5014	1	1	90
			4801	1	1	1200
			4800	1	1	1875
펄스	363	1	5014	1	1	90
			4801	1	1	1200
			4800	1	1	1875
어벤젤	1385	1	5013	1	1	45
			5023	1	1	45
			4800	1	1	1200
에펠 군주	351	1	5013	1	1	30
			5023	1	1	30
로톤 로드	354	1	5013	1	1	30
			5023	1	1	30
비늘 보스	357	1	5013	1	1	30
			5023	1	1	30
스피키엘	1387	1	5013	1	1	45
			5023	1	1	45
			4800	1	1	1200
리자드맨 병사	293	1	1855	1	1	500
			1860	1	1	500
			1890	1	1	500
			1865	1	1	500
			1870	1	1	500
			1875	1	1	500
			1880	1	1	500
			1885	1	1	500
			6074	1	1	500
스켈레톤 주술사	123	1	1855	1	1	500
			1860	1	1	500
			1890	1	1	500
			1865	1	1	500
			1870	1	1	500
			1875	1	1	500
			1880	1	1	500
			1885	1	1	500
			6074	1	1	500
매직 라이칸토	297	1	1855	1	1	500
			1860	1	1	500
			1890	1	1	500
			1865	1	1	500
			1870	1	1	500
			1875	1	1	500
			1880	1	1	500
			1885	1	1	500
			6074	1	1	500
스몰 텐터클	479	1	1855	1	1	500
			1860	1	1	500
			1890	1	1	500
			1865	1	1	500
			1870	1	1	500
			1875	1	1	500
			1880	1	1	500
			1885	1	1	500
			6074	1	1	500
도프	65	1	1855	1	1	500
			1860	1	1	500
			1890	1	1	500
			1865	1	1	500
			1870	1	1	500
			1875	1	1	500
			1880	1	1	500
			1885	1	1	500
			6074	1	1	500
브론디아	688	1	1855	1	1	500
			1860	1	1	500
			1890	1	1	500
			1865	1	1	500
			1870	1	1	500
			1875	1	1	500
			1880	1	1	500
			1885	1	1	500
			6074	1	1	500
가시오스	61	1	1855	1	1	500
			1860	1	1	500
			1890	1	1	500
			1865	1	1	500
			1870	1	1	500
			1875	1	1	500
			1880	1	1	500
			1885	1	1	500
			6074	1	1	500
골고다	280	1	1855	1	1	500
			1860	1	1	500
			1890	1	1	500
			1865	1	1	500
			1870	1	1	500
			1875	1	1	500
			1880	1	1	500
			1885	1	1	500
			6074	1	1	500
와일드 텐터클	517	1	1855	1	1	500
			1860	1	1	500
			1890	1	1	500
			1865	1	1	500
			1870	1	1	500
			1875	1	1	500
			1880	1	1	500
			1885	1	1	500
			6074	1	1	500
릴리스	776	1	1855	1	1	500
			1860	1	1	500
			1890	1	1	500
			1865	1	1	500
			1870	1	1	500
			1875	1	1	500
			1880	1	1	500
			1885	1	1	500
			6074	1	1	500
오케러스	94	1	1855	1	1	500
			1860	1	1	500
			1890	1	1	500
			1865	1	1	500
			1870	1	1	500
			1875	1	1	500
			1880	1	1	500
			1885	1	1	500
			6074	1	1	500
힐라리	57	1	1855	1	1	500
			1860	1	1	500
			1890	1	1	500
			1865	1	1	500
			1870	1	1	500
			1875	1	1	500
			1880	1	1	500
			1885	1	1	500
			6074	1	1	500
레이디 리엔	621	1	1855	1	1	500
			1860	1	1	500
			1890	1	1	500
			1865	1	1	500
			1870	1	1	500
			1875	1	1	500
			1880	1	1	500
			1885	1	1	500
			6074	1	1	500
마그마론	760	1	1855	1	1	500
			1860	1	1	500
			1890	1	1	500
			1865	1	1	500
			1870	1	1	500
			1875	1	1	500
			1880	1	1	500
			1885	1	1	500
			6074	1	1	500
그레이브 좀비 로드	950	1	1855	1	1	500
			1860	1	1	500
			1890	1	1	500
			1865	1	1	500
			1870	1	1	500
			1875	1	1	500
			1880	1	1	500
			1885	1	1	500
			6074	1	1	500
잊혀진 지배자	523	1	1855	1	1	500
			1860	1	1	500
			1890	1	1	500
			1865	1	1	500
			1870	1	1	500
			1875	1	1	500
			1880	1	1	500
			1885	1	1	500
			6074	1	1	500
프렌지 좀비 로드	951	1	1855	1	1	500
			1860	1	1	500
			1890	1	1	500
			1865	1	1	500
			1870	1	1	500
			1875	1	1	500
			1880	1	1	500
			1885	1	1	500
			6074	1	1	500
죽은자의 왕	533	1	1855	1	1	500
			1860	1	1	500
			1890	1	1	500
			1865	1	1	500
			1870	1	1	500
			1875	1	1	500
			1880	1	1	500
			1885	1	1	500
			6074	1	1	500
스윈들 좀비 로드	952	1	1855	1	1	500
			1860	1	1	500
			1890	1	1	500
			1865	1	1	500
			1870	1	1	500
			1875	1	1	500
			1880	1	1	500
			1885	1	1	500
			6074	1	1	500
남겨진 자들의 왕	694	1	1855	1	1	500
			1860	1	1	500
			1890	1	1	500
			1865	1	1	500
			1870	1	1	500
			1875	1	1	500
			1880	1	1	500
			1885	1	1	500
			6074	1	1	500
소드이터	704	1	1856	1	1	500
			1861	1	1	500
			1891	1	1	500
			1866	1	1	500
			1871	1	1	500
			1876	1	1	500
			1881	1	1	500
			1886	1	1	500
			6075	1	1	500
레이지 본 킹	1031	1	1856	1	1	500
			1861	1	1	500
			1891	1	1	500
			1866	1	1	500
			1871	1	1	500
			1876	1	1	500
			1881	1	1	500
			1886	1	1	500
			6075	1	1	500
크레이지 본 킹	1032	1	1856	1	1	500
			1861	1	1	500
			1891	1	1	500
			1866	1	1	500
			1871	1	1	500
			1876	1	1	500
			1881	1	1	500
			1886	1	1	500
			6075	1	1	500
퓨리 본 킹	1033	1	1856	1	1	500
			1861	1	1	500
			1891	1	1	500
			1866	1	1	500
			1871	1	1	500
			1876	1	1	500
			1881	1	1	500
			1886	1	1	500
			6075	1	1	500
카르카엔	659	1	1856	1	1	500
			1861	1	1	500
			1891	1	1	500
			1866	1	1	500
			1871	1	1	500
			1876	1	1	500
			1881	1	1	500
			1886	1	1	500
			6075	1	1	500
뮤리	660	1	1856	1	1	500
			1861	1	1	500
			1891	1	1	500
			1866	1	1	500
			1871	1	1	500
			1876	1	1	500
			1881	1	1	500
			1886	1	1	500
			6075	1	1	500
앙그라	661	1	1856	1	1	500
			1861	1	1	500
			1891	1	1	500
			1866	1	1	500
			1871	1	1	500
			1876	1	1	500
			1881	1	1	500
			1886	1	1	500
			6075	1	1	500
스프리건 로드	22	1	1856	1	1	500
			1861	1	1	500
			1891	1	1	500
			1866	1	1	500
			1871	1	1	500
			1876	1	1	500
			1881	1	1	500
			1886	1	1	500
			6075	1	1	500
아르카로스 노예	289	1	1856	1	1	500
			1861	1	1	500
			1891	1	1	500
			1866	1	1	500
			1871	1	1	500
			1876	1	1	500
			1881	1	1	500
			1886	1	1	500
			6075	1	1	500
보울도	812	1	1856	1	1	500
			1861	1	1	500
			1891	1	1	500
			1866	1	1	500
			1871	1	1	500
			1876	1	1	500
			1881	1	1	500
			1886	1	1	500
			6075	1	1	500
짐보	813	1	1856	1	1	500
			1861	1	1	500
			1891	1	1	500
			1866	1	1	500
			1871	1	1	500
			1876	1	1	500
			1881	1	1	500
			1886	1	1	500
			6075	1	1	500
슈타	814	1	1856	1	1	500
			1861	1	1	500
			1891	1	1	500
			1866	1	1	500
			1871	1	1	500
			1876	1	1	500
			1881	1	1	500
			1886	1	1	500
			6075	1	1	500
차라수카	635	1	1856	1	1	500
			1861	1	1	500
			1891	1	1	500
			1866	1	1	500
			1871	1	1	500
			1876	1	1	500
			1881	1	1	500
			1886	1	1	500
			6075	1	1	500
에고니	783	1	1856	1	1	500
			1861	1	1	500
			1891	1	1	500
			1866	1	1	500
			1871	1	1	500
			1876	1	1	500
			1881	1	1	500
			1886	1	1	500
			6075	1	1	500
로드 우테루스	1121	1	1856	1	1	500
			1861	1	1	500
			1891	1	1	500
			1866	1	1	500
			1871	1	1	500
			1876	1	1	500
			1881	1	1	500
			1886	1	1	500
			6075	1	1	500
프린세스 마리엔	1124	1	1856	1	1	500
			1861	1	1	500
			1891	1	1	500
			1866	1	1	500
			1871	1	1	500
			1876	1	1	500
			1881	1	1	500
			1886	1	1	500
			6075	1	1	500
캡틴 엘리우스	1127	1	1856	1	1	500
			1861	1	1	500
			1891	1	1	500
			1866	1	1	500
			1871	1	1	500
			1876	1	1	500
			1881	1	1	500
			1886	1	1	500
			6075	1	1	500
로드 피사르	1122	1	1856	1	1	500
			1861	1	1	500
			1891	1	1	500
			1866	1	1	500
			1871	1	1	500
			1876	1	1	500
			1881	1	1	500
			1886	1	1	500
			6075	1	1	500
프린세스 이민	1125	1	1856	1	1	500
			1861	1	1	500
			1891	1	1	500
			1866	1	1	500
			1871	1	1	500
			1876	1	1	500
			1881	1	1	500
			1886	1	1	500
			6075	1	1	500
킹핀 가르시아	1128	1	1856	1	1	500
			1861	1	1	500
			1891	1	1	500
			1866	1	1	500
			1871	1	1	500
			1876	1	1	500
			1881	1	1	500
			1886	1	1	500
			6075	1	1	500
로드 크리핑	1123	1	1856	1	1	500
			1861	1	1	500
			1891	1	1	500
			1866	1	1	500
			1871	1	1	500
			1876	1	1	500
			1881	1	1	500
			1886	1	1	500
			6075	1	1	500
프린세스 차링	1126	1	1856	1	1	500
			1861	1	1	500
			1891	1	1	500
			1866	1	1	500
			1871	1	1	500
			1876	1	1	500
			1881	1	1	500
			1886	1	1	500
			6075	1	1	500
제너럴 하이랄	1129	1	1856	1	1	500
			1861	1	1	500
			1891	1	1	500
			1866	1	1	500
			1871	1	1	500
			1876	1	1	500
			1881	1	1	500
			1886	1	1	500
			6075	1	1	500
마나리안	1321	1	1856	1	1	500
			1861	1	1	500
			1891	1	1	500
			1866	1	1	500
			1871	1	1	500
			1876	1	1	500
			1881	1	1	500
			1886	1	1	500
			6075	1	1	500
우룰카	1322	2	5009	1	1	30
			1856	1	1	500
			1861	1	1	500
			1891	1	1	500
			1866	1	1	500
			1871	1	1	500
			1876	1	1	500
			1881	1	1	500
			1886	1	1	500
			6075	1	1	500
하피 에어워커	333	1	1857	1	1	500
			1862	1	1	500
			1892	1	1	500
			1867	1	1	500
			1872	1	1	500
			1877	1	1	500
			1882	1	1	500
			1887	1	1	500
			6076	1	1	500
가디메시	708	1	1857	1	1	500
			1862	1	1	500
			1892	1	1	500
			1867	1	1	500
			1872	1	1	500
			1877	1	1	500
			1882	1	1	500
			1887	1	1	500
			6076	1	1	500
바르소	793	1	1857	1	1	500
			1862	1	1	500
			1892	1	1	500
			1867	1	1	500
			1872	1	1	500
			1877	1	1	500
			1882	1	1	500
			1887	1	1	500
			6076	1	1	500
블러드본 샤만	549	1	1857	1	1	500
			1862	1	1	500
			1892	1	1	500
			1867	1	1	500
			1872	1	1	500
			1877	1	1	500
			1882	1	1	500
			1887	1	1	500
			6076	1	1	500
커스 루핀	554	1	1857	1	1	500
			1862	1	1	500
			1892	1	1	500
			1867	1	1	500
			1872	1	1	500
			1877	1	1	500
			1882	1	1	500
			1887	1	1	500
			6076	1	1	500
카렌차	555	1	1857	1	1	500
			1862	1	1	500
			1892	1	1	500
			1867	1	1	500
			1872	1	1	500
			1877	1	1	500
			1882	1	1	500
			1887	1	1	500
			6076	1	1	500
세벤트	558	1	1857	1	1	500
			1862	1	1	500
			1892	1	1	500
			1867	1	1	500
			1872	1	1	500
			1877	1	1	500
			1882	1	1	500
			1887	1	1	500
			6076	1	1	500
테니얼 가디언	1196	1	1857	1	1	500
			1862	1	1	500
			1892	1	1	500
			1867	1	1	500
			1872	1	1	500
			1877	1	1	500
			1882	1	1	500
			1887	1	1	500
			6076	1	1	500
라몬텔 호위병	1197	1	1857	1	1	500
			1862	1	1	500
			1892	1	1	500
			1867	1	1	500
			1872	1	1	500
			1877	1	1	500
			1882	1	1	500
			1887	1	1	500
			6076	1	1	500
케잔 중보병	1198	1	1857	1	1	500
			1862	1	1	500
			1892	1	1	500
			1867	1	1	500
			1872	1	1	500
			1877	1	1	500
			1882	1	1	500
			1887	1	1	500
			6076	1	1	500
하루피엔	1329	1	1857	1	1	500
			1862	1	1	500
			1892	1	1	500
			1867	1	1	500
			1872	1	1	500
			1877	1	1	500
			1882	1	1	500
			1887	1	1	500
			6076	1	1	500
어린 브란	847	1	1857	1	1	500
			1862	1	1	500
			1892	1	1	500
			1867	1	1	500
			1872	1	1	500
			1877	1	1	500
			1882	1	1	500
			1887	1	1	500
			6076	1	1	500
앤트 로드	27	1	1857	1	1	500
			1862	1	1	500
			1892	1	1	500
			1867	1	1	500
			1872	1	1	500
			1877	1	1	500
			1882	1	1	500
			1887	1	1	500
			6076	1	1	500
켄타우르스 대장	269	1	1857	1	1	500
			1862	1	1	500
			1892	1	1	500
			1867	1	1	500
			1872	1	1	500
			1877	1	1	500
			1882	1	1	500
			1887	1	1	500
			6076	1	1	500
하피 퀸	135	1	1857	1	1	500
			1862	1	1	500
			1892	1	1	500
			1867	1	1	500
			1872	1	1	500
			1877	1	1	500
			1882	1	1	500
			1887	1	1	500
			6076	1	1	500
리카누스	49	1	1857	1	1	500
			1862	1	1	500
			1892	1	1	500
			1867	1	1	500
			1872	1	1	500
			1877	1	1	500
			1882	1	1	500
			1887	1	1	500
			6076	1	1	500
플라잉	51	1	1857	1	1	500
			1862	1	1	500
			1892	1	1	500
			1867	1	1	500
			1872	1	1	500
			1877	1	1	500
			1882	1	1	500
			1887	1	1	500
			6076	1	1	500
스슈르드	791	1	1857	1	1	500
			1862	1	1	500
			1892	1	1	500
			1867	1	1	500
			1872	1	1	500
			1877	1	1	500
			1882	1	1	500
			1887	1	1	500
			6076	1	1	500
시즐	52	1	1857	1	1	500
			1862	1	1	500
			1892	1	1	500
			1867	1	1	500
			1872	1	1	500
			1877	1	1	500
			1882	1	1	500
			1887	1	1	500
			6076	1	1	500
레클레스	550	1	1857	1	1	500
			1862	1	1	500
			1892	1	1	500
			1867	1	1	500
			1872	1	1	500
			1877	1	1	500
			1882	1	1	500
			1887	1	1	500
			6076	1	1	500
테니얼 보스	1202	1	1857	1	1	500
			1862	1	1	500
			1892	1	1	500
			1867	1	1	500
			1872	1	1	500
			1877	1	1	500
			1882	1	1	500
			1887	1	1	500
			6076	1	1	500
앙클 케인독 대장	1205	1	1857	1	1	500
			1862	1	1	500
			1892	1	1	500
			1867	1	1	500
			1872	1	1	500
			1877	1	1	500
			1882	1	1	500
			1887	1	1	500
			6076	1	1	500
라몬텔 대장	1203	1	1857	1	1	500
			1862	1	1	500
			1892	1	1	500
			1867	1	1	500
			1872	1	1	500
			1877	1	1	500
			1882	1	1	500
			1887	1	1	500
			6076	1	1	500
라몬 케인독 대장	1206	1	1857	1	1	500
			1862	1	1	500
			1892	1	1	500
			1867	1	1	500
			1872	1	1	500
			1877	1	1	500
			1882	1	1	500
			1887	1	1	500
			6076	1	1	500
케잔 대장	1204	1	1857	1	1	500
			1862	1	1	500
			1892	1	1	500
			1867	1	1	500
			1872	1	1	500
			1877	1	1	500
			1882	1	1	500
			1887	1	1	500
			6076	1	1	500
지르카 케인독 대장	1207	1	1857	1	1	500
			1862	1	1	500
			1892	1	1	500
			1867	1	1	500
			1872	1	1	500
			1877	1	1	500
			1882	1	1	500
			1887	1	1	500
			6076	1	1	500
허리케인 린	1330	1	1857	1	1	500
			1862	1	1	500
			1892	1	1	500
			1867	1	1	500
			1872	1	1	500
			1877	1	1	500
			1882	1	1	500
			1887	1	1	500
			6076	1	1	500
낙시아	1331	1	1857	1	1	500
			1862	1	1	500
			1892	1	1	500
			1867	1	1	500
			1872	1	1	500
			1877	1	1	500
			1882	1	1	500
			1887	1	1	500
			6076	1	1	500
트람	1332	1	1857	1	1	500
			1862	1	1	500
			1892	1	1	500
			1867	1	1	500
			1872	1	1	500
			1877	1	1	500
			1882	1	1	500
			1887	1	1	500
			6076	1	1	500
구울 킹	725	1	1857	1	1	500
			1862	1	1	500
			1892	1	1	500
			1867	1	1	500
			1872	1	1	500
			1877	1	1	500
			1882	1	1	500
			1887	1	1	500
			6076	1	1	500
보른	771	1	1857	1	1	500
			1862	1	1	500
			1892	1	1	500
			1867	1	1	500
			1872	1	1	500
			1877	1	1	500
			1882	1	1	500
			1887	1	1	500
			6076	1	1	500
하른	772	1	1857	1	1	500
			1862	1	1	500
			1892	1	1	500
			1867	1	1	500
			1872	1	1	500
			1877	1	1	500
			1882	1	1	500
			1887	1	1	500
			6076	1	1	500
와일드 버스터	1346	1	1857	1	1	500
			1862	1	1	500
			1892	1	1	500
			1867	1	1	500
			1872	1	1	500
			1877	1	1	500
			1882	1	1	500
			1887	1	1	500
			6076	1	1	500
퀘아사 안내자	873	1	1857	1	1	500
			1862	1	1	500
			1892	1	1	500
			1867	1	1	500
			1872	1	1	500
			1877	1	1	500
			1882	1	1	500
			1887	1	1	500
			6076	1	1	500
에우리알레 군주	657	1	1857	1	1	500
			1862	1	1	500
			1892	1	1	500
			1867	1	1	500
			1872	1	1	500
			1877	1	1	500
			1882	1	1	500
			1887	1	1	500
			6076	1	1	500
칼립 도적단 돌격병	1148	2	5009	1	1	30
			1856	1	1	500
			1861	1	1	500
			1891	1	1	500
			1866	1	1	500
			1871	1	1	500
			1876	1	1	500
			1881	1	1	500
			1886	1	1	500
			6075	1	1	500
와일드 엑스	410	2	5010	1	1	30
			1857	1	1	500
			1862	1	1	500
			1892	1	1	500
			1867	1	1	500
			1872	1	1	500
			1877	1	1	500
			1882	1	1	500
			1887	1	1	500
			6076	1	1	500
아민 전사	389	2	5010	1	1	30
			5020	1	1	30
			1857	1	1	500
			1862	1	1	500
			1892	1	1	500
			1867	1	1	500
			1872	1	1	500
			1877	1	1	500
			1882	1	1	500
			1887	1	1	500
			6076	1	1	500
로아 대장	425	2	5019	1	1	30
			1857	1	1	500
			1862	1	1	500
			1892	1	1	500
			1867	1	1	500
			1872	1	1	500
			1877	1	1	500
			1882	1	1	500
			1887	1	1	500
			6076	1	1	500
위버 킹	424	2	5019	1	1	30
			1857	1	1	500
			1862	1	1	500
			1892	1	1	500
			1867	1	1	500
			1872	1	1	500
			1877	1	1	500
			1882	1	1	500
			1887	1	1	500
			6076	1	1	500
쉐도우 로드	428	2	5011	1	1	30
			1857	1	1	500
			1862	1	1	500
			1892	1	1	500
			1867	1	1	500
			1872	1	1	500
			1877	1	1	500
			1882	1	1	500
			1887	1	1	500
			6076	1	1	500
머드헤드	362	1	4801	1	1	400
아이블랍	364	1	4801	1	1	400
센티널	365	1	4801	1	1	400
디스호프	376	1	4801	1	1	1250
윙드 라치 덱	1575	2	1856	1	1	500
			1861	1	1	500
			1891	1	1	500
			1866	1	1	500
			1871	1	1	500
			1876	1	1	500
			1881	1	1	500
			1886	1	1	500
			6075	1	1	500
후크 제스터	1565	2	5008	1	1	30
			1856	1	1	500
			1861	1	1	500
			1891	1	1	500
			1866	1	1	500
			1871	1	1	500
			1876	1	1	500
			1881	1	1	500
			1886	1	1	500
			6075	1	1	500
볼케이노 울프 폼	1573	2	5008	1	1	30
			5018	1	1	30
			1856	1	1	500
			1861	1	1	500
			1891	1	1	500
			1866	1	1	500
			1871	1	1	500
			1876	1	1	500
			1881	1	1	500
			1886	1	1	500
			6075	1	1	500
마스터 우드	1561	2	5008	1	1	30
			5018	1	1	30
			1856	1	1	500
			1861	1	1	500
			1891	1	1	500
			1866	1	1	500
			1871	1	1	500
			1876	1	1	500
			1881	1	1	500
			1886	1	1	500
			6075	1	1	500
비스트 워리어 솔져	1566	2	5008	1	1	30
			5018	1	1	30
			1856	1	1	500
			1861	1	1	500
			1891	1	1	500
			1866	1	1	500
			1871	1	1	500
			1876	1	1	500
			1881	1	1	500
			1886	1	1	500
			6075	1	1	500
비스트 워리어 체이서	1567	2	5018	1	1	30
			1856	1	1	500
			1861	1	1	500
			1891	1	1	500
			1866	1	1	500
			1871	1	1	500
			1876	1	1	500
			1881	1	1	500
			1886	1	1	500
			6075	1	1	500
비스트 워리어 커맨더	1568	2	1856	1	1	500
			1861	1	1	500
			1891	1	1	500
			1866	1	1	500
			1871	1	1	500
			1876	1	1	500
			1881	1	1	500
			1886	1	1	500
			6075	1	1	500
페더리드윙 솔져	1586	2	1856	1	1	500
			1861	1	1	500
			1891	1	1	500
			1866	1	1	500
			1871	1	1	500
			1876	1	1	500
			1881	1	1	500
			1886	1	1	500
			6075	1	1	500
화이트스노우 캡터	1559	2	5009	1	1	30
			1856	1	1	500
			1861	1	1	500
			1891	1	1	500
			1866	1	1	500
			1871	1	1	500
			1876	1	1	500
			1881	1	1	500
			1886	1	1	500
			6075	1	1	500
아이스버그 베어	1560	2	5009	1	1	30
			5019	1	1	30
			1857	1	1	500
			1862	1	1	500
			1892	1	1	500
			1867	1	1	500
			1872	1	1	500
			1877	1	1	500
			1882	1	1	500
			1887	1	1	500
			6076	1	1	500
아이싱데스 스콜피온	1577	2	5009	1	1	30
			5019	1	1	30
			1857	1	1	500
			1862	1	1	500
			1892	1	1	500
			1867	1	1	500
			1872	1	1	500
			1877	1	1	500
			1882	1	1	500
			1887	1	1	500
			6076	1	1	500
프로스트 혼드 데스뮤트	1512	2	5019	1	1	30
			1857	1	1	500
			1862	1	1	500
			1892	1	1	500
			1867	1	1	500
			1872	1	1	500
			1877	1	1	500
			1882	1	1	500
			1887	1	1	500
			6076	1	1	500
블룬독 클로버	1509	2	5019	1	1	30
			1857	1	1	500
			1862	1	1	500
			1892	1	1	500
			1867	1	1	500
			1872	1	1	500
			1877	1	1	500
			1882	1	1	500
			1887	1	1	500
			6076	1	1	500
블룬독 다이아몬드	1510	2	1857	1	1	500
			1862	1	1	500
			1892	1	1	500
			1867	1	1	500
			1872	1	1	500
			1877	1	1	500
			1882	1	1	500
			1887	1	1	500
			6076	1	1	500
블룬독 스페이드	1511	2	5010	1	1	30
			1857	1	1	500
			1862	1	1	500
			1892	1	1	500
			1867	1	1	500
			1872	1	1	500
			1877	1	1	500
			1882	1	1	500
			1887	1	1	500
			6076	1	1	500
스피어 마스타 그린	1570	2	5010	1	1	30
			1857	1	1	500
			1862	1	1	500
			1892	1	1	500
			1867	1	1	500
			1872	1	1	500
			1877	1	1	500
			1882	1	1	500
			1887	1	1	500
			6076	1	1	500
스피어 마스타 그레이	1569	2	5010	1	1	30
			5020	1	1	30
			1857	1	1	500
			1862	1	1	500
			1892	1	1	500
			1867	1	1	500
			1872	1	1	500
			1877	1	1	500
			1882	1	1	500
			1887	1	1	500
			6076	1	1	500
스피어 마스타 옐로우	1571	2	5010	1	1	30
			5020	1	1	30
			1857	1	1	500
			1862	1	1	500
			1892	1	1	500
			1867	1	1	500
			1872	1	1	500
			1877	1	1	500
			1882	1	1	500
			1887	1	1	500
			6076	1	1	500
그릿스톰 렉 펀처	1563	2	5020	1	1	30
			1857	1	1	500
			1862	1	1	500
			1892	1	1	500
			1867	1	1	500
			1872	1	1	500
			1877	1	1	500
			1882	1	1	500
			1887	1	1	500
			6076	1	1	500
그릿스톰 렉 스타	1562	2	5020	1	1	30
			1857	1	1	500
			1862	1	1	500
			1892	1	1	500
			1867	1	1	500
			1872	1	1	500
			1877	1	1	500
			1882	1	1	500
			1887	1	1	500
			6076	1	1	500
그릿스톰 렉 크러셔	1564	2	1857	1	1	500
			1862	1	1	500
			1892	1	1	500
			1867	1	1	500
			1872	1	1	500
			1877	1	1	500
			1882	1	1	500
			1887	1	1	500
			6076	1	1	500
헝거맨 워커	1576	2	5011	1	1	30
			1857	1	1	500
			1862	1	1	500
			1892	1	1	500
			1867	1	1	500
			1872	1	1	500
			1877	1	1	500
			1882	1	1	500
			1887	1	1	500
			6076	1	1	500
미노타우르 엑스	1585	2	5011	1	1	30
			1857	1	1	500
			1862	1	1	500
			1892	1	1	500
			1867	1	1	500
			1872	1	1	500
			1877	1	1	500
			1882	1	1	500
			1887	1	1	500
			6076	1	1	500
서펀트 위치	1587	2	5011	1	1	30
			5021	1	1	30
			1857	1	1	500
			1862	1	1	500
			1892	1	1	500
			1867	1	1	500
			1872	1	1	500
			1877	1	1	500
			1882	1	1	500
			1887	1	1	500
			6076	1	1	500
체인소드 댄서	1579	2	5011	1	1	30
			5021	1	1	30
			1857	1	1	500
			1862	1	1	500
			1892	1	1	500
			1867	1	1	500
			1872	1	1	500
			1877	1	1	500
			1882	1	1	500
			1887	1	1	500
			6076	1	1	500
랩틸리안 솔져	1572	2	5011	1	1	30
			5021	1	1	30
			1857	1	1	500
			1862	1	1	500
			1892	1	1	500
			1867	1	1	500
			1872	1	1	500
			1877	1	1	500
			1882	1	1	500
			1887	1	1	500
			6076	1	1	500
세이버 마릴리스	1589	2	5021	1	1	30
			1857	1	1	500
			1862	1	1	500
			1892	1	1	500
			1867	1	1	500
			1872	1	1	500
			1877	1	1	500
			1882	1	1	500
			1887	1	1	500
			6076	1	1	500
래틀바이퍼	1588	2	1857	1	1	500
			1862	1	1	500
			1892	1	1	500
			1867	1	1	500
			1872	1	1	500
			1877	1	1	500
			1882	1	1	500
			1887	1	1	500
			6076	1	1	500
스카이어벤져 솔져	1590	2	5012	1	1	30
			1857	1	1	500
			1862	1	1	500
			1892	1	1	500
			1867	1	1	500
			1872	1	1	500
			1877	1	1	500
			1882	1	1	500
			1887	1	1	500
			6076	1	1	500
타이거오루스	1578	2	5012	1	1	30
			1857	1	1	500
			1862	1	1	500
			1892	1	1	500
			1867	1	1	500
			1872	1	1	500
			1877	1	1	500
			1882	1	1	500
			1887	1	1	500
			6076	1	1	500
서큐버스 험블	1574	2	5012	1	1	30
			5022	1	1	30
			1857	1	1	500
			1862	1	1	500
			1892	1	1	500
			1867	1	1	500
			1872	1	1	500
			1877	1	1	500
			1882	1	1	500
			1887	1	1	500
			6076	1	1	500
그룹소 대장	1508	2	5012	1	1	30
			5022	1	1	30
			1857	1	1	500
			1862	1	1	500
			1892	1	1	500
			1867	1	1	500
			1872	1	1	500
			1877	1	1	500
			1882	1	1	500
			1887	1	1	500
			6076	1	1	500
윙드 라치 덱	1575	1	6273	1	1	10000
			6275	1	1	10000
			7392	1	1	40000
			7393	1	1	30000
			7394	1	1	10000
후크 제스터	1565	1	6273	1	1	10000
			6275	1	1	10000
			7392	1	1	40000
			7393	1	1	30000
			7394	1	1	10000
볼케이노 울프 폼	1573	1	6273	1	1	10000
			6275	1	1	10000
			7392	1	1	40000
			7393	1	1	30000
			7394	1	1	10000
마스터 우드	1561	1	6273	1	1	10000
			6275	1	1	10000
			7392	1	1	40000
			7393	1	1	30000
			7394	1	1	10000
비스트 워리어 솔져	1566	1	6273	1	1	10000
			6275	1	1	10000
			7392	1	1	40000
			7393	1	1	30000
			7394	1	1	10000
비스트 워리어 체이서	1567	1	6273	1	1	10000
			6275	1	1	10000
			7392	1	1	40000
			7393	1	1	30000
			7394	1	1	10000
비스트 워리어 커맨더	1568	1	6273	1	1	10000
			6275	1	1	10000
			7392	1	1	40000
			7393	1	1	30000
			7394	1	1	10000
페더리드윙 솔져	1586	1	6273	1	1	10000
			6275	1	1	10000
			7392	1	1	40000
			7393	1	1	30000
			7394	1	1	10000
화이트스노우 캡터	1559	1	6273	1	1	10000
			6275	1	1	10000
			7392	1	1	40000
			7393	1	1	30000
			7394	1	1	10000
아이스버그 베어	1560	1	6273	1	1	10000
			6275	1	1	10000
			7392	1	1	40000
			7393	1	1	30000
			7394	1	1	10000
아이싱데스 스콜피온	1577	1	6273	1	1	10000
			6275	1	1	10000
			7392	1	1	40000
			7393	1	1	30000
			7394	1	1	10000
프로스트 혼드 데스뮤트	1512	1	6273	1	1	10000
			6275	1	1	10000
			7392	1	1	40000
			7393	1	1	30000
			7394	1	1	10000
블룬독 클로버	1509	1	6273	1	1	10000
			6275	1	1	10000
			7392	1	1	40000
			7393	1	1	30000
			7394	1	1	10000
블룬독 다이아몬드	1510	1	6273	1	1	10000
			6275	1	1	10000
			7392	1	1	40000
			7393	1	1	30000
			7394	1	1	10000
블룬독 스페이드	1511	1	6273	1	1	10000
			6275	1	1	10000
			7392	1	1	40000
			7393	1	1	30000
			7394	1	1	10000
스피어 마스타 그린	1570	1	6273	1	1	10000
			6275	1	1	10000
			7392	1	1	40000
			7393	1	1	30000
			7394	1	1	10000
스피어 마스타 그레이	1569	1	6273	1	1	10000
			6275	1	1	10000
			7392	1	1	40000
			7393	1	1	30000
			7394	1	1	10000
스피어 마스타 옐로우	1571	1	6273	1	1	10000
			6275	1	1	10000
			7392	1	1	40000
			7393	1	1	30000
			7394	1	1	10000
그릿스톰 렉 펀처	1563	1	6273	1	1	10000
			6275	1	1	10000
			7392	1	1	40000
			7393	1	1	30000
			7394	1	1	10000
그릿스톰 렉 스타	1562	1	6273	1	1	10000
			6275	1	1	10000
			7392	1	1	40000
			7393	1	1	30000
			7394	1	1	10000
그릿스톰 렉 크러셔	1564	1	6273	1	1	10000
			6275	1	1	10000
			7392	1	1	40000
			7393	1	1	30000
			7394	1	1	10000
헝거맨 워커	1576	1	6273	1	1	10000
			6275	1	1	10000
			7392	1	1	40000
			7393	1	1	30000
			7394	1	1	10000
미노타우르 엑스	1585	1	6273	1	1	10000
			6275	1	1	10000
			7392	1	1	40000
			7393	1	1	30000
			7394	1	1	10000
서펀트 위치	1587	1	6273	1	1	10000
			6275	1	1	10000
			7392	1	1	40000
			7393	1	1	30000
			7394	1	1	10000
체인소드 댄서	1579	1	6273	1	1	10000
			6275	1	1	10000
			7392	1	1	40000
			7393	1	1	30000
			7394	1	1	10000
랩틸리안 솔져	1572	1	6273	1	1	10000
			6275	1	1	10000
			7392	1	1	40000
			7393	1	1	30000
			7394	1	1	10000
세이버 마릴리스	1589	1	6273	1	1	10000
			6275	1	1	10000
			7392	1	1	40000
			7393	1	1	30000
			7394	1	1	10000
래틀바이퍼	1588	1	6273	1	1	10000
			6275	1	1	10000
			7392	1	1	40000
			7393	1	1	30000
			7394	1	1	10000
스카이어벤져 솔져	1590	1	6273	1	1	10000
			6275	1	1	10000
			7392	1	1	40000
			7393	1	1	30000
			7394	1	1	10000
타이거오루스	1578	1	6273	1	1	10000
			6275	1	1	10000
			7392	1	1	40000
			7393	1	1	30000
			7394	1	1	10000
서큐버스 험블	1574	1	6273	1	1	10000
			6275	1	1	10000
			7392	1	1	40000
			7393	1	1	30000
			7394	1	1	10000
그룹소 대장	1508	1	6273	1	1	10000
			6275	1	1	10000
			7392	1	1	40000
			7393	1	1	30000
			7394	1	1	10000
아이리온 게스트	1735	2	5006	1	1	30
			5027	1	1	30
			1855	1	1	500
			1860	1	1	500
			1890	1	1	500
			1865	1	1	500
			1870	1	1	500
			1875	1	1	500
			1880	1	1	500
			1885	1	1	500
			6074	1	1	500
체리엇 글레디에이터	1768	1	1856	1	1	500
			1861	1	1	500
			1891	1	1	500
			1866	1	1	500
			1871	1	1	500
			1876	1	1	500
			1881	1	1	500
			1886	1	1	500
			6075	1	1	500
포세이큰 레인	1777	2	5009	1	1	30
			1856	1	1	500
			1861	1	1	500
			1891	1	1	500
			1866	1	1	500
			1871	1	1	500
			1876	1	1	500
			1881	1	1	500
			1886	1	1	500
			6075	1	1	500
하켄 할로우	1780	2	5008	1	1	30
			1856	1	1	500
			1861	1	1	500
			1891	1	1	500
			1866	1	1	500
			1871	1	1	500
			1876	1	1	500
			1881	1	1	500
			1886	1	1	500
			6075	1	1	500
랜턴라이더 클라이막스	1783	2	5019	1	1	30
			5009	1	1	30
			1856	1	1	500
			1861	1	1	500
			1891	1	1	500
			1866	1	1	500
			1871	1	1	500
			1876	1	1	500
			1881	1	1	500
			1886	1	1	500
			6075	1	1	500
나인바이탈	1786	2	5019	1	1	30
			5009	1	1	30
			1856	1	1	500
			1861	1	1	500
			1891	1	1	500
			1866	1	1	500
			1871	1	1	500
			1876	1	1	500
			1881	1	1	500
			1886	1	1	500
			6075	1	1	500
다크에이지	1787	2	5019	1	1	30
			5009	1	1	30
			1856	1	1	500
			1861	1	1	500
			1891	1	1	500
			1866	1	1	500
			1871	1	1	500
			1876	1	1	500
			1881	1	1	500
			1886	1	1	500
			6075	1	1	500
로틴	388	1	5026	1	1	30
케르그	1752	1	5005	1	1	30
아이리샤	1750	2	5006	1	1	30
			5027	1	1	30
			1855	1	1	500
			1860	1	1	500
			1890	1	1	500
			1865	1	1	500
			1870	1	1	500
			1875	1	1	500
			1880	1	1	500
			1885	1	1	500
			6074	1	1	500
펠리시아	1751	2	5006	1	1	30
			5027	1	1	30
			1855	1	1	500
			1860	1	1	500
			1890	1	1	500
			1865	1	1	500
			1870	1	1	500
			1875	1	1	500
			1880	1	1	500
			1885	1	1	500
			6074	1	1	500
벨리하트	1754	2	5006	1	1	30
			1855	1	1	500
			1860	1	1	500
			1890	1	1	500
			1865	1	1	500
			1870	1	1	500
			1875	1	1	500
			1880	1	1	500
			1885	1	1	500
			6074	1	1	500
샤일록	1755	2	5006	1	1	30
			1855	1	1	500
			1860	1	1	500
			1890	1	1	500
			1865	1	1	500
			1870	1	1	500
			1875	1	1	500
			1880	1	1	500
			1885	1	1	500
			6074	1	1	500
베루딘	1753	2	5027	1	1	30
			1855	1	1	500
			1860	1	1	500
			1890	1	1	500
			1865	1	1	500
			1870	1	1	500
			1875	1	1	500
			1880	1	1	500
			1885	1	1	500
			6074	1	1	500
거스톤	1788	2	5007	1	1	30
			1855	1	1	500
			1860	1	1	500
			1890	1	1	500
			1865	1	1	500
			1870	1	1	500
			1875	1	1	500
			1880	1	1	500
			1885	1	1	500
			6074	1	1	500
체스트	1803	2	5006	1	1	30
			5027	1	1	30
			1855	1	1	500
			1860	1	1	500
			1890	1	1	500
			1865	1	1	500
			1870	1	1	500
			1875	1	1	500
			1880	1	1	500
			1885	1	1	500
			6074	1	1	500
라판	1802	2	5006	1	1	30
			5027	1	1	30
			1855	1	1	500
			1860	1	1	500
			1890	1	1	500
			1865	1	1	500
			1870	1	1	500
			1875	1	1	500
			1880	1	1	500
			1885	1	1	500
			6074	1	1	500
굴딘	1756	2	5007	1	1	30
			5015	1	1	30
			5016	1	1	30
			5017	1	1	30
			1856	1	1	500
			1861	1	1	500
			1891	1	1	500
			1866	1	1	500
			1871	1	1	500
			1876	1	1	500
			1881	1	1	500
			1886	1	1	500
			6075	1	1	500
칼리단	1801	2	5015	1	1	30
			5016	1	1	30
			5017	1	1	30
			1856	1	1	500
			1861	1	1	500
			1891	1	1	500
			1866	1	1	500
			1871	1	1	500
			1876	1	1	500
			1881	1	1	500
			1886	1	1	500
			6075	1	1	500
겔리온	1804	2	5008	1	1	30
			5018	1	1	30
			1856	1	1	500
			1861	1	1	500
			1891	1	1	500
			1866	1	1	500
			1871	1	1	500
			1876	1	1	500
			1881	1	1	500
			1886	1	1	500
			6075	1	1	500
바이슨	1805	2	5018	1	1	30
			1856	1	1	500
			1861	1	1	500
			1891	1	1	500
			1866	1	1	500
			1871	1	1	500
			1876	1	1	500
			1881	1	1	500
			1886	1	1	500
			6075	1	1	500
마누스	1808	2	5018	1	1	30
			1856	1	1	500
			1861	1	1	500
			1891	1	1	500
			1866	1	1	500
			1871	1	1	500
			1876	1	1	500
			1881	1	1	500
			1886	1	1	500
			6075	1	1	500
헤리큘	1809	2	5018	1	1	30
			1856	1	1	500
			1861	1	1	500
			1891	1	1	500
			1866	1	1	500
			1871	1	1	500
			1876	1	1	500
			1881	1	1	500
			1886	1	1	500
			6075	1	1	500
헬라이드	1810	2	5008	1	1	30
			1856	1	1	500
			1861	1	1	500
			1891	1	1	500
			1866	1	1	500
			1871	1	1	500
			1876	1	1	500
			1881	1	1	500
			1886	1	1	500
			6075	1	1	500
나즈델	1811	2	5008	1	1	30
			5018	1	1	30
			1856	1	1	500
			1861	1	1	500
			1891	1	1	500
			1866	1	1	500
			1871	1	1	500
			1876	1	1	500
			1881	1	1	500
			1886	1	1	500
			6075	1	1	500
피르핀	1812	2	5018	1	1	30
			1856	1	1	500
			1861	1	1	500
			1891	1	1	500
			1866	1	1	500
			1871	1	1	500
			1876	1	1	500
			1881	1	1	500
			1886	1	1	500
			6075	1	1	500
토틴	1813	1	1856	1	1	500
			1861	1	1	500
			1891	1	1	500
			1866	1	1	500
			1871	1	1	500
			1876	1	1	500
			1881	1	1	500
			1886	1	1	500
			6075	1	1	500
오로크	1814	1	1856	1	1	500
			1861	1	1	500
			1891	1	1	500
			1866	1	1	500
			1871	1	1	500
			1876	1	1	500
			1881	1	1	500
			1886	1	1	500
			6075	1	1	500
커스터	1815	2	5009	1	1	30
			1856	1	1	500
			1861	1	1	500
			1891	1	1	500
			1866	1	1	500
			1871	1	1	500
			1876	1	1	500
			1881	1	1	500
			1886	1	1	500
			6075	1	1	500
하켄	1816	2	5015	1	1	30
			5016	1	1	30
			5017	1	1	30
			1856	1	1	500
			1861	1	1	500
			1891	1	1	500
			1866	1	1	500
			1871	1	1	500
			1876	1	1	500
			1881	1	1	500
			1886	1	1	500
			6075	1	1	500
게스펜	1817	1	1856	1	1	500
			1861	1	1	500
			1891	1	1	500
			1866	1	1	500
			1871	1	1	500
			1876	1	1	500
			1881	1	1	500
			1886	1	1	500
			6075	1	1	500
위즈든	1818	2	5009	1	1	30
			1856	1	1	500
			1861	1	1	500
			1891	1	1	500
			1866	1	1	500
			1871	1	1	500
			1876	1	1	500
			1881	1	1	500
			1886	1	1	500
			6075	1	1	500
파울로	1819	2	5009	1	1	30
			5019	1	1	30
			1857	1	1	500
			1862	1	1	500
			1892	1	1	500
			1867	1	1	500
			1872	1	1	500
			1877	1	1	500
			1882	1	1	500
			1887	1	1	500
			6076	1	1	500
티르폰	1820	2	5009	1	1	30
			1856	1	1	500
			1861	1	1	500
			1891	1	1	500
			1866	1	1	500
			1871	1	1	500
			1876	1	1	500
			1881	1	1	500
			1886	1	1	500
			6075	1	1	500
켈베론	1821	2	5009	1	1	30
			1856	1	1	500
			1861	1	1	500
			1891	1	1	500
			1866	1	1	500
			1871	1	1	500
			1876	1	1	500
			1881	1	1	500
			1886	1	1	500
			6075	1	1	500
칼리만	1974	2	5009	1	1	30
			1856	1	1	500
			1861	1	1	500
			1891	1	1	500
			1866	1	1	500
			1871	1	1	500
			1876	1	1	500
			1881	1	1	500
			1886	1	1	500
			6075	1	1	500
가우롱	1806	2	5008	1	1	30
			5018	1	1	30
			1856	1	1	500
			1861	1	1	500
			1891	1	1	500
			1866	1	1	500
			1871	1	1	500
			1876	1	1	500
			1881	1	1	500
			1886	1	1	500
			6075	1	1	500
페이오	1807	2	5008	1	1	30
			5018	1	1	30
			1856	1	1	500
			1861	1	1	500
			1891	1	1	500
			1866	1	1	500
			1871	1	1	500
			1876	1	1	500
			1881	1	1	500
			1886	1	1	500
			6075	1	1	500
바얄	1749	2	5005	1	1	30
			5028	1	1	30
			1855	1	1	500
			1860	1	1	500
			1890	1	1	500
			1865	1	1	500
			1870	1	1	500
			1875	1	1	500
			1880	1	1	500
			1885	1	1	500
			6074	1	1	500
레기아	1748	2	5005	1	1	30
			5028	1	1	30
			1855	1	1	500
			1860	1	1	500
			1890	1	1	500
			1865	1	1	500
			1870	1	1	500
			1875	1	1	500
			1880	1	1	500
			1885	1	1	500
			6074	1	1	500
무라드	1823	2	5005	1	1	30
			5028	1	1	30
			1855	1	1	500
			1860	1	1	500
			1890	1	1	500
			1865	1	1	500
			1870	1	1	500
			1875	1	1	500
			1880	1	1	500
			1885	1	1	500
			6074	1	1	500
라이첸	1822	2	5019	1	1	30
			5009	1	1	30
			1856	1	1	500
			1861	1	1	500
			1891	1	1	500
			1866	1	1	500
			1871	1	1	500
			1876	1	1	500
			1881	1	1	500
			1886	1	1	500
			6075	1	1	500
불꽃의 기사	1993	5	9999	1	1	50000
			10000	1	1	30000
			589	1	1	10000
			592	1	1	10000
			595	1	1	10000
			604	1	1	10000
			1857	1	1	10000
			1882	1	1	10000
			470	1	1	10000
			1867	1	1	10000
			267	1	1	10000
			247	1	1	10000
			263	1	1	10000
			255	1	1	10000
			259	1	1	10000
불꽃의 기사	1993	1	9341	1	1	5000
			9343	1	1	5000
불꽃의 사냥꾼	1992	5	9999	1	1	50000
			10000	1	1	30000
			464	1	1	10000
			468	1	1	10000
			599	1	1	10000
			607	1	1	10000
			1862	1	1	10000
			1887	1	1	10000
			472	1	1	10000
			1872	1	1	10000
			267	1	1	10000
			247	1	1	10000
			263	1	1	10000
			255	1	1	10000
			259	1	1	10000
불꽃의 사냥꾼	1992	1	9343	1	1	5000
			9344	1	1	5000
불꽃의 마법사	1994	5	9999	1	1	50000
			10000	1	1	30000
			1892	1	1	10000
			470	1	1	10000
			472	1	1	10000
			610	1	1	10000
			1867	1	1	10000
			6076	1	1	10000
			610	1	1	10000
			1877	1	1	10000
			267	1	1	10000
			247	1	1	10000
			263	1	1	10000
			255	1	1	10000
			259	1	1	10000
불꽃의 마법사	1994	1	9341	1	1	5000
			9345	1	1	5000
불꽃의 약탈자	1976	5	10000	1	1	50000
			10260	1	1	30000
			475	1	1	10000
			481	1	1	10000
			601	1	1	10000
			614	1	1	10000
			1872	1	1	10000
			464	1	1	10000
			468	1	1	10000
			1882	1	1	10000
			267	1	1	10000
			247	1	1	10000
			263	1	1	10000
			255	1	1	10000
			259	1	1	10000
불꽃의 약탈자	1976	1	9344	1	1	5000
			9341	1	1	5000
불꽃의 착취자	1977	5	10000	1	1	50000
			10260	1	1	30000
			841	1	1	10000
			1170	1	1	10000
			1173	1	1	10000
			617	1	1	10000
			1877	1	1	10000
			599	1	1	10000
			1892	1	1	10000
			1887	1	1	10000
			267	1	1	10000
			247	1	1	10000
			263	1	1	10000
			255	1	1	10000
			259	1	1	10000
불꽃의 착취자	1977	1	9344	1	1	5000
			9345	1	1	5000
핏줄의 전사	1991	5	9999	1	1	50000
			10000	1	1	30000
			1892	1	1	10000
			470	1	1	10000
			472	1	1	10000
			610	1	1	10000
			1867	1	1	10000
			6076	1	1	10000
			610	1	1	10000
			1877	1	1	10000
			267	1	1	10000
			247	1	1	10000
			263	1	1	10000
			255	1	1	10000
			259	1	1	10000
핏줄의 전사	1991	1	9341	1	1	5000
			9345	1	1	5000
핏줄의 척후병	1989	5	9999	1	1	50000
			10000	1	1	30000
			464	1	1	10000
			468	1	1	10000
			599	1	1	10000
			607	1	1	10000
			1862	1	1	10000
			1887	1	1	10000
			472	1	1	10000
			1872	1	1	10000
			267	1	1	10000
			247	1	1	10000
			263	1	1	10000
			255	1	1	10000
			259	1	1	10000
핏줄의 척후병	1989	1	9343	1	1	5000
			9344	1	1	5000
핏줄의 마법사	1990	5	9999	1	1	50000
			10000	1	1	30000
			589	1	1	10000
			592	1	1	10000
			595	1	1	10000
			604	1	1	10000
			1857	1	1	10000
			1882	1	1	10000
			470	1	1	10000
			1867	1	1	10000
			267	1	1	10000
			247	1	1	10000
			263	1	1	10000
			255	1	1	10000
			259	1	1	10000
핏줄의 마법사	1990	1	9341	1	1	5000
			9343	1	1	5000
생명의 사냥꾼	1983	5	10000	1	1	50000
			10260	1	1	30000
			841	1	1	10000
			1170	1	1	10000
			1173	1	1	10000
			617	1	1	10000
			1877	1	1	10000
			599	1	1	10000
			1892	1	1	10000
			1887	1	1	10000
			267	1	1	10000
			247	1	1	10000
			263	1	1	10000
			255	1	1	10000
			259	1	1	10000
생명의 사냥꾼	1983	1	9344	1	1	5000
			9345	1	1	5000
생명의 습격자	1984	5	10000	1	1	50000
			10260	1	1	30000
			475	1	1	10000
			481	1	1	10000
			601	1	1	10000
			614	1	1	10000
			1872	1	1	10000
			464	1	1	10000
			468	1	1	10000
			1882	1	1	10000
			267	1	1	10000
			247	1	1	10000
			263	1	1	10000
			255	1	1	10000
			259	1	1	10000
생명의 습격자	1984	1	9344	1	1	5000
			9341	1	1	5000
태풍의 기사	1985	5	9999	1	1	50000
			10000	1	1	30000
			464	1	1	10000
			468	1	1	10000
			599	1	1	10000
			607	1	1	10000
			1862	1	1	10000
			1887	1	1	10000
			472	1	1	10000
			1872	1	1	10000
			267	1	1	10000
			247	1	1	10000
			263	1	1	10000
			255	1	1	10000
			259	1	1	10000
태풍의 기사	1985	1	9343	1	1	5000
			9344	1	1	5000
태풍의 궁수	1987	5	9999	1	1	50000
			10000	1	1	30000
			1892	1	1	10000
			470	1	1	10000
			472	1	1	10000
			610	1	1	10000
			1867	1	1	10000
			6076	1	1	10000
			610	1	1	10000
			1877	1	1	10000
			267	1	1	10000
			247	1	1	10000
			263	1	1	10000
			255	1	1	10000
			259	1	1	10000
태풍의 궁수	1987	1	9341	1	1	5000
			9345	1	1	5000
태풍의 마법사	1988	5	9999	1	1	50000
			10000	1	1	30000
			589	1	1	10000
			592	1	1	10000
			595	1	1	10000
			604	1	1	10000
			1857	1	1	10000
			1882	1	1	10000
			470	1	1	10000
			1867	1	1	10000
			267	1	1	10000
			247	1	1	10000
			263	1	1	10000
			255	1	1	10000
			259	1	1	10000
태풍의 마법사	1988	1	9341	1	1	5000
			9343	1	1	5000
칼날의 감시자	1979	5	10000	1	1	50000
			10260	1	1	30000
			475	1	1	10000
			481	1	1	10000
			601	1	1	10000
			614	1	1	10000
			1872	1	1	10000
			464	1	1	10000
			468	1	1	10000
			1882	1	1	10000
			267	1	1	10000
			247	1	1	10000
			263	1	1	10000
			255	1	1	10000
			259	1	1	10000
칼날의 감시자	1979	1	9344	1	1	5000
			9341	1	1	5000
칼날의 강탈자	1980	5	10000	1	1	50000
			10260	1	1	30000
			841	1	1	10000
			1170	1	1	10000
			1173	1	1	10000
			617	1	1	10000
			1877	1	1	10000
			599	1	1	10000
			1892	1	1	10000
			1887	1	1	10000
			267	1	1	10000
			247	1	1	10000
			263	1	1	10000
			255	1	1	10000
			259	1	1	10000
칼날의 강탈자	1980	1	9344	1	1	5000
			9345	1	1	5000
분노의 포효	1975	4	10260	1	1	50000
			589	1	1	50000
			592	1	1	50000
			595	1	1	50000
			604	1	1	50000
			1857	1	1	50000
			1882	1	1	50000
			470	1	1	50000
			1867	1	1	50000
			267	1	1	50000
			247	1	1	50000
			263	1	1	50000
			255	1	1	50000
			259	1	1	50000
분노의 포효	1975	1	10262	3	5	100000
고요의 외침	1982	4	10260	1	1	50000
			464	1	1	50000
			468	1	1	50000
			599	1	1	50000
			607	1	1	50000
			1862	1	1	50000
			1887	1	1	50000
			472	1	1	50000
			1872	1	1	50000
			267	1	1	50000
			247	1	1	50000
			263	1	1	50000
			255	1	1	50000
			259	1	1	50000
고요의 외침	1982	1	10262	3	5	100000
고통의 비명	1978	4	10260	1	1	50000
			1892	1	1	50000
			470	1	1	50000
			472	1	1	50000
			610	1	1	50000
			1867	1	1	50000
			6076	1	1	50000
			610	1	1	50000
			1877	1	1	50000
			267	1	1	50000
			247	1	1	50000
			263	1	1	50000
			255	1	1	50000
			259	1	1	50000
고통의 비명	1978	1	10261	3	5	100000
헤븐즈 헬의 군주	1986	5	10260	1	1	50000
			475	1	1	50000
			481	1	1	50000
			601	1	1	50000
			614	1	1	50000
			1872	1	1	50000
			464	1	1	50000
			468	1	1	50000
			1882	1	1	50000
			267	1	1	50000
			247	1	1	50000
			263	1	1	50000
			255	1	1	50000
			259	1	1	50000
헤븐즈 헬의 군주	1986	1	10261	3	10	100000
아슈탈 코어	1995	5	10260	1	1	50000
			841	1	1	50000
			1170	1	1	50000
			1173	1	1	50000
			617	1	1	50000
			1877	1	1	50000
			599	1	1	50000
			1892	1	1	50000
			1887	1	1	50000
			267	1	1	50000
			247	1	1	50000
			263	1	1	50000
			255	1	1	50000
			259	1	1	50000
아슈탈 코어	1995	1	10261	5	20	100000
브리시	2019	2	5006	1	1	30
			463	1	1	500
			466	1	1	500
			588	1	1	500
			591	1	1	500
			594	1	1	500
			597	1	1	500
			1890	1	1	500
			465	1	1	500
쿠루	2020	2	5007	1	1	30
			5015	1	1	30
			5016	1	1	30
			5017	1	1	30
			463	1	1	500
			466	1	1	500
			588	1	1	500
			591	1	1	500
			594	1	1	500
			594	1	1	500
			597	1	1	500
			1890	1	1	500
			465	1	1	500
카이마	2021	2	5007	1	1	30
			5015	1	1	30
			5016	1	1	30
			5017	1	1	30
			1870	1	1	500
			471	1	1	500
			474	1	1	500
			480	1	1	500
			600	1	1	500
			840	1	1	500
			1169	1	1	500
			1172	1	1	500
사펜	2022	2	5008	1	1	30
			5018	1	1	30
			1870	1	1	500
			471	1	1	500
			474	1	1	500
			480	1	1	500
			600	1	1	500
			840	1	1	500
			1169	1	1	500
			1172	1	1	500
나달	2024	2	5008	1	1	30
			5018	1	1	30
			603	1	1	500
			606	1	1	500
			609	1	1	500
			613	1	1	500
			616	1	1	500
			1855	1	1	500
			1860	1	1	500
			1865	1	1	500
메이마	2023	2	5009	1	1	30
			5019	1	1	30
			603	1	1	500
			606	1	1	500
			609	1	1	500
			613	1	1	500
			616	1	1	500
			1855	1	1	500
			1860	1	1	500
			1865	1	1	500
세우스	2025	2	5009	1	1	30
			5019	1	1	30
			1875	1	1	500
			1880	1	1	500
			1885	1	1	500
			6074	1	1	500
			1871	1	1	500
			1829	1	1	500
			467	1	1	500
			1831	1	1	500
베올린	2026	2	5010	1	1	30
			5020	1	1	30
			1875	1	1	500
			1880	1	1	500
			1885	1	1	500
			6074	1	1	500
			1871	1	1	500
			1829	1	1	500
			467	1	1	500
			1831	1	1	500
슈네	2027	2	5011	1	1	30
			5020	1	1	30
			1849	1	1	500
			1837	1	1	500
			598	1	1	500
			1891	1	1	500
			469	1	1	500
			1843	1	1	500
			1841	1	1	500
			1833	1	1	500
하미아	2028	2	5011	1	1	30
			5021	1	1	30
			1849	1	1	500
			1837	1	1	500
			598	1	1	500
			1891	1	1	500
			469	1	1	500
			1843	1	1	500
			1841	1	1	500
			1833	1	1	500
키리슈드	2029	2	5012	1	1	30
			5022	1	1	30
			1853	1	1	500
			1851	1	1	500
			1839	1	1	500
			1847	1	1	500
			605	1	1	500
			608	1	1	500
			611	1	1	500
			1835	1	1	500
베이트	2030	2	5012	1	1	30
			5022	1	1	30
			1853	1	1	500
			1851	1	1	500
			1839	1	1	500
			1847	1	1	500
			605	1	1	500
			608	1	1	500
			611	1	1	500
			1835	1	1	500
안크안크	2031	2	5013	1	1	30
			5023	1	1	30
			1845	1	1	500
			1856	1	1	500
			1861	1	1	500
			1866	1	1	500
			1876	1	1	500
			1881	1	1	500
			1886	1	1	500
			6075	1	1	500
케룬	2032	2	5013	1	1	30
			5023	1	1	30
			1845	1	1	500
			1856	1	1	500
			1861	1	1	500
			1866	1	1	500
			1876	1	1	500
			1881	1	1	500
			1886	1	1	500
			6075	1	1	500
카레스	2033	2	5014	1	1	30
			5024	1	1	30
			1872	1	1	500
			464	1	1	500
			468	1	1	500
			589	1	1	500
			592	1	1	500
			595	1	1	500
			599	1	1	500
			1892	1	1	500
하이네	2034	2	5014	1	1	30
			5024	1	1	30
			1872	1	1	500
			464	1	1	500
			468	1	1	500
			589	1	1	500
			592	1	1	500
			595	1	1	500
			599	1	1	500
			1892	1	1	500
렛체	2035	2	5014	1	1	30
			5024	1	1	30
			470	1	1	500
			475	1	1	500
			472	1	1	500
			481	1	1	500
			601	1	1	500
			841	1	1	500
			1170	1	1	500
			1173	1	1	500
니쉬	2036	2	5014	1	1	30
			5024	1	1	30
			470	1	1	500
			475	1	1	500
			472	1	1	500
			481	1	1	500
			601	1	1	500
			841	1	1	500
			1170	1	1	500
			1173	1	1	500
헤르큘	2037	2	5014	1	1	30
			5024	1	1	30
			604	1	1	500
			607	1	1	500
			610	1	1	500
			614	1	1	500
			617	1	1	500
			1857	1	1	500
			1862	1	1	500
			1867	1	1	500
다이엘	2038	2	5014	1	1	30
			5024	1	1	30
			604	1	1	500
			607	1	1	500
			610	1	1	500
			614	1	1	500
			617	1	1	500
			1857	1	1	500
			1862	1	1	500
			1867	1	1	500
펠릭	2039	2	5014	1	1	30
			5024	1	1	30
			1877	1	1	500
			1882	1	1	500
			1887	1	1	500
			6076	1	1	500
			617	1	1	500
			1857	1	1	500
			1862	1	1	500
			1867	1	1	500
카즈아	2040	2	5014	1	1	30
			5024	1	1	30
			1877	1	1	500
			1882	1	1	500
			1887	1	1	500
			6076	1	1	500
			617	1	1	500
			1857	1	1	500
			1862	1	1	500
			1867	1	1	500
자케루	2041	2	5014	1	1	30
			5024	1	1	30
			1877	1	1	500
			1882	1	1	500
			1887	1	1	500
			6076	1	1	500
			617	1	1	500
			1857	1	1	500
			1862	1	1	500
			1867	1	1	500
페인그로우	1363	1	20900	1	1	10
			20901	1	1	10
			20902	1	1	10
			20903	1	1	10
			20904	1	1	10
			20905	1	1	10
			20906	1	1	10
			20907	1	1	10
			20908	1	1	10
			20909	1	1	10
			20910	1	1	10
			20911	1	1	10
			20912	1	1	10
			20913	1	1	10
			20914	1	1	10
			20915	1	1	10
			20916	1	1	10
			20917	1	1	10
			20918	1	1	10
			20919	1	1	10
			20920	1	1	10
			20921	1	1	10
			20922	1	1	10
			20923	1	1	10
			20924	1	1	10
			20925	1	1	10
			20926	1	1	10
			20927	1	1	10
			20928	1	1	10
			20929	1	1	10
			20930	1	1	10
			20931	1	1	10
			20932	1	1	10
			20933	1	1	10
			20934	1	1	10
			20935	1	1	10
			20936	1	1	10
			20937	1	1	10
			20938	1	1	10
			20939	1	1	10
			20940	1	1	10
			20941	1	1	10
			20942	1	1	10
			20943	1	1	10
			20944	1	1	10
			20945	1	1	10
			20946	1	1	10
			20947	1	1	10
			20948	1	1	10
			20949	1	1	10
서킷오더	196	1	20950	1	1	10
			20951	1	1	10
			20952	1	1	10
			20953	1	1	10
			20954	1	1	10
			20955	1	1	10
			20956	1	1	10
			20957	1	1	10
			20958	1	1	10
			20959	1	1	10
			20960	1	1	10
			20961	1	1	10
			20962	1	1	10
			20963	1	1	10
			20964	1	1	10
			20965	1	1	10
			20966	1	1	10
			20967	1	1	10
			20968	1	1	10
			20969	1	1	10
			20970	1	1	10
			20971	1	1	10
			20972	1	1	10
			20973	1	1	10
			20974	1	1	10
			20975	1	1	10
			20976	1	1	10
			20977	1	1	10
			20978	1	1	10
			20979	1	1	10
			20980	1	1	10
			20981	1	1	10
			20982	1	1	10
			20983	1	1	10
			20984	1	1	10
			20985	1	1	10
			20986	1	1	10
			20987	1	1	10
			20988	1	1	10
			20989	1	1	10
			20990	1	1	10
			20991	1	1	10
			20992	1	1	10
			20993	1	1	10
			20994	1	1	10
			20995	1	1	10
			20996	1	1	10
			20997	1	1	10
			20998	1	1	10
			20999	1	1	10
디스호프	376	1	21010	1	1	10
			21011	1	1	10
			21012	1	1	10
			21013	1	1	10
			21014	1	1	10
			21015	1	1	10
			21016	1	1	10
			21017	1	1	10
			21018	1	1	10
			21019	1	1	10
			21020	1	1	10
			21021	1	1	10
			21022	1	1	10
			21023	1	1	10
			21024	1	1	10
			21025	1	1	10
			21026	1	1	10
			21027	1	1	10
			21028	1	1	10
			21029	1	1	10
			21030	1	1	10
			21031	1	1	10
			21032	1	1	10
			21033	1	1	10
			21034	1	1	10
			21035	1	1	10
			21036	1	1	10
			21037	1	1	10
			21038	1	1	10
			21039	1	1	10
			21040	1	1	10
			21041	1	1	10
			21042	1	1	10
			21043	1	1	10
			21044	1	1	10
			21045	1	1	10
			21046	1	1	10
			21047	1	1	10
			21048	1	1	10
			21049	1	1	10
			21050	1	1	10
			21051	1	1	10
			21052	1	1	10
			21053	1	1	10
			21054	1	1	10
			21055	1	1	10
			21056	1	1	10
			21057	1	1	10
			21058	1	1	10
			21059	1	1	10
