lottery_box_tid	pot_Item_tid	min_stack	max_stack	percent
3023	1054	5	10	1500
3023	486	5	10	1800
3023	1976	3	5	1400
3023	266	3	5	700
3023	246	3	5	700
3023	262	3	5	700
3023	254	3	5	700
3023	258	3	5	700
3023	464	2	3	500
3023	472	2	3	500
3023	1127	99	99	600
3023	486	50	99	200
3023	nothing	0	0	0
3022	1034	3	5	1500
3022	1127	30	50	1500
3022	1054	3	5	1500
3022	266	2	3	700
3022	246	2	3	700
3022	262	2	3	700
3022	254	2	3	700
3022	258	2	3	700
3022	486	3	5	1000
3022	1976	2	3	900
3022	486	50	99	100
3022	nothing	0	0	0
3021	233	50	99	1500
3021	1034	1	3	1500
3021	1054	2	3	1500
3021	265	2	3	800
3021	245	2	3	800
3021	261	2	3	800
3021	253	2	3	800
3021	257	2	3	800
3021	486	2	4	1400
3021	486	50	99	100
3021	nothing	0	0	0
3315	1127	60	99	2000
3315	265	1	3	1000
3315	245	1	3	1000
3315	261	1	3	1000
3315	253	1	3	1000
3315	257	1	3	1000
3315	486	1	3	3000
3315	nothing	0	0	0
3316	1050	60	99	2000
3316	265	1	3	1000
3316	245	1	3	1000
3316	261	1	3	1000
3316	253	1	3	1000
3316	257	1	3	1000
3316	486	2	3	3000
3316	nothing	0	0	0
3317	1050	60	99	1500
3317	265	1	3	1000
3317	245	1	3	1000
3317	261	1	3	1000
3317	253	1	3	1000
3317	257	1	3	1000
3317	486	2	5	2000
3317	472	3	5	1500
3317	nothing	0	0	0
3318	265	2	4	800
3318	245	2	4	800
3318	261	2	4	800
3318	253	2	4	800
3318	257	2	4	800
3318	486	4	6	2000
3318	464	3	5	2000
3318	472	3	5	2000
3318	nothing	0	0	0
3319	265	3	5	600
3319	245	3	5	600
3319	261	3	5	600
3319	253	3	5	600
3319	257	3	5	600
3319	486	5	10	2500
3319	464	3	5	2000
3319	472	3	5	1000
3319	266	1	2	300
3319	246	1	2	300
3319	262	1	2	300
3319	254	1	2	300
3319	258	1	2	300
3319	nothing	0	0	0
3320	266	2	3	400
3320	246	2	3	400
3320	262	2	3	400
3320	254	2	3	400
3320	258	2	3	400
3320	464	3	5	3000
3320	472	3	5	1000
3320	486	7	12	4000
3320	nothing	0	0	0
3321	266	2	3	800
3321	246	2	3	800
3321	262	2	3	800
3321	254	2	3	800
3321	258	2	3	800
3321	464	4	6	3000
3321	486	20	30	300
3321	486	10	15	2700
3321	nothing	0	0	0
3322	266	4	5	800
3322	246	4	5	800
3322	262	4	5	800
3322	254	4	5	800
3322	258	4	5	800
3322	464	10	15	3900
3322	486	80	99	100
3322	486	20	30	2000
3322	nothing	0	0	0
3606	3498	10	30	2000
3606	264	3	5	900
3606	244	3	5	900
3606	260	3	5	900
3606	252	3	5	900
3606	256	3	5	900
3606	463	2	3	300
3606	588	2	3	300
3606	591	2	3	300
3606	471	2	3	1000
3606	465	2	3	300
3606	474	2	3	300
3606	600	2	3	300
3606	1169	2	3	300
3606	1172	2	3	300
3606	486	5	10	100
3606	nothing	0	0	0
3607	1125	10	50	5000
3607	1126	10	30	4000
3607	486	2	3	1000
3607	nothing	0	0	0
4570	266	10	30	1180
4570	246	10	30	1180
4570	262	10	30	1180
4570	254	10	30	1180
4570	258	10	30	1180
4570	464	10	30	1180
4570	472	10	30	1180
4570	1170	10	30	1180
4570	486	10	50	560
4570	nothing	0	0	0
4750	4001	1	1	90
4750	4002	1	1	90
4750	4003	1	1	90
4750	4004	1	1	90
4750	4005	1	1	90
4750	4006	1	1	90
4750	4007	1	1	90
4750	4008	1	1	90
4750	4584	1	1	90
4750	4585	1	1	90
4750	4009	1	1	90
4750	4010	1	1	90
4750	4011	1	1	90
4750	4012	1	1	90
4750	4013	1	1	90
4750	4014	1	1	90
4750	4015	1	1	90
4750	4016	1	1	90
4750	4586	1	1	90
4750	4587	1	1	90
4750	4017	1	1	90
4750	4018	1	1	90
4750	4019	1	1	90
4750	4020	1	1	90
4750	4021	1	1	90
4750	4022	1	1	90
4750	4023	1	1	90
4750	4024	1	1	90
4750	4588	1	1	90
4750	4589	1	1	90
4750	4025	1	1	90
4750	4026	1	1	90
4750	4027	1	1	90
4750	4028	1	1	90
4750	4029	1	1	90
4750	4030	1	1	90
4750	4031	1	1	90
4750	4032	1	1	90
4750	4590	1	1	90
4750	4591	1	1	90
4750	4033	1	1	90
4750	4034	1	1	90
4750	4035	1	1	90
4750	4036	1	1	90
4750	4037	1	1	90
4750	4038	1	1	90
4750	4039	1	1	90
4750	4040	1	1	90
4750	4592	1	1	90
4750	4593	1	1	90
4750	4041	1	1	90
4750	4042	1	1	90
4750	4043	1	1	90
4750	4044	1	1	90
4750	4045	1	1	90
4750	4046	1	1	90
4750	4047	1	1	90
4750	4048	1	1	90
4750	4594	1	1	90
4750	4595	1	1	90
4750	4049	1	1	90
4750	4050	1	1	90
4750	4051	1	1	90
4750	4052	1	1	90
4750	4053	1	1	90
4750	4054	1	1	90
4750	4055	1	1	90
4750	4056	1	1	90
4750	4596	1	1	90
4750	4597	1	1	90
4750	4057	1	1	90
4750	4058	1	1	90
4750	4059	1	1	90
4750	4060	1	1	90
4750	4061	1	1	90
4750	4062	1	1	90
4750	4063	1	1	90
4750	4064	1	1	90
4750	4598	1	1	90
4750	4599	1	1	90
4750	4065	1	1	90
4750	4066	1	1	90
4750	4067	1	1	90
4750	4068	1	1	90
4750	4069	1	1	90
4750	4070	1	1	90
4750	4071	1	1	90
4750	4072	1	1	90
4750	4743	1	1	90
4750	4744	1	1	90
4750	4073	1	1	90
4750	4074	1	1	90
4750	4075	1	1	90
4750	4076	1	1	90
4750	4077	1	1	90
4750	4078	1	1	90
4750	4079	1	1	90
4750	4080	1	1	90
4750	4745	1	1	90
4750	4746	1	1	90
4750	4081	1	1	90
4750	4082	1	1	90
4750	4083	1	1	90
4750	4084	1	1	90
4750	4085	1	1	90
4750	4086	1	1	90
4750	4087	1	1	90
4750	4088	1	1	90
4750	4747	1	1	90
4750	4748	1	1	90
4750	nothing	0	0	0
4751	4101	1	1	29
4751	4102	1	1	29
4751	4103	1	1	29
4751	4104	1	1	29
4751	4105	1	1	29
4751	4106	1	1	29
4751	4107	1	1	29
4751	4108	1	1	29
4751	4109	1	1	29
4751	4110	1	1	29
4751	4111	1	1	29
4751	4112	1	1	29
4751	4113	1	1	29
4751	4118	1	1	29
4751	4114	1	1	29
4751	4115	1	1	29
4751	4116	1	1	29
4751	4117	1	1	29
4751	4119	1	1	29
4751	4120	1	1	29
4751	4121	1	1	29
4751	4122	1	1	29
4751	4123	1	1	29
4751	4124	1	1	29
4751	4125	1	1	29
4751	4126	1	1	29
4751	4127	1	1	29
4751	4128	1	1	29
4751	4130	1	1	29
4751	4129	1	1	29
4751	4131	1	1	29
4751	4132	1	1	29
4751	4133	1	1	29
4751	4366	1	1	29
4751	4365	1	1	29
4751	4367	1	1	29
4751	4368	1	1	29
4751	4369	1	1	29
4751	5254	1	1	29
4751	5255	1	1	29
4751	5256	1	1	29
4751	5257	1	1	29
4751	5258	1	1	29
4751	4134	1	1	29
4751	4135	1	1	29
4751	4136	1	1	29
4751	4137	1	1	29
4751	4138	1	1	29
4751	4139	1	1	29
4751	4140	1	1	29
4751	4141	1	1	29
4751	4142	1	1	29
4751	4143	1	1	29
4751	4144	1	1	29
4751	4145	1	1	29
4751	4146	1	1	29
4751	4147	1	1	29
4751	4148	1	1	29
4751	4149	1	1	29
4751	4150	1	1	29
4751	4151	1	1	29
4751	4152	1	1	29
4751	4153	1	1	29
4751	4154	1	1	29
4751	4155	1	1	29
4751	4156	1	1	29
4751	4157	1	1	29
4751	4158	1	1	29
4751	4159	1	1	29
4751	4160	1	1	29
4751	4161	1	1	29
4751	4163	1	1	29
4751	4162	1	1	29
4751	4164	1	1	29
4751	4165	1	1	29
4751	4166	1	1	29
4751	4371	1	1	29
4751	4370	1	1	29
4751	4372	1	1	29
4751	4373	1	1	29
4751	4374	1	1	29
4751	5259	1	1	29
4751	5260	1	1	29
4751	5261	1	1	29
4751	5262	1	1	29
4751	5263	1	1	29
4751	4167	1	1	29
4751	4168	1	1	29
4751	4169	1	1	29
4751	4170	1	1	29
4751	4171	1	1	29
4751	4172	1	1	29
4751	4173	1	1	29
4751	4174	1	1	29
4751	4175	1	1	29
4751	4176	1	1	29
4751	4177	1	1	29
4751	4178	1	1	29
4751	4179	1	1	29
4751	4180	1	1	29
4751	4181	1	1	29
4751	4182	1	1	29
4751	4183	1	1	29
4751	4184	1	1	29
4751	4185	1	1	29
4751	4186	1	1	29
4751	4187	1	1	29
4751	4188	1	1	29
4751	4189	1	1	29
4751	4190	1	1	29
4751	4191	1	1	29
4751	4192	1	1	29
4751	4193	1	1	29
4751	4194	1	1	29
4751	4196	1	1	29
4751	4195	1	1	29
4751	4197	1	1	29
4751	4198	1	1	29
4751	4199	1	1	29
4751	4376	1	1	29
4751	4375	1	1	29
4751	4377	1	1	29
4751	4378	1	1	29
4751	4379	1	1	29
4751	5264	1	1	29
4751	5265	1	1	29
4751	5266	1	1	29
4751	5267	1	1	29
4751	5268	1	1	29
4751	4200	1	1	29
4751	4201	1	1	29
4751	4202	1	1	29
4751	4203	1	1	29
4751	4204	1	1	29
4751	4205	1	1	29
4751	4206	1	1	29
4751	4207	1	1	29
4751	4208	1	1	29
4751	4209	1	1	29
4751	4210	1	1	29
4751	4211	1	1	29
4751	4212	1	1	29
4751	4217	1	1	29
4751	4213	1	1	29
4751	4214	1	1	29
4751	4215	1	1	29
4751	4216	1	1	29
4751	4218	1	1	29
4751	4219	1	1	29
4751	4220	1	1	29
4751	4221	1	1	29
4751	4222	1	1	29
4751	4223	1	1	29
4751	4224	1	1	29
4751	4225	1	1	29
4751	4226	1	1	29
4751	4227	1	1	29
4751	4229	1	1	29
4751	4228	1	1	29
4751	4230	1	1	29
4751	4231	1	1	29
4751	4232	1	1	29
4751	4381	1	1	29
4751	4380	1	1	29
4751	4382	1	1	29
4751	4383	1	1	29
4751	4384	1	1	29
4751	5269	1	1	29
4751	5270	1	1	29
4751	5271	1	1	29
4751	5272	1	1	29
4751	5273	1	1	29
4751	4233	1	1	29
4751	4234	1	1	29
4751	4235	1	1	29
4751	4236	1	1	29
4751	4237	1	1	29
4751	4238	1	1	29
4751	4239	1	1	29
4751	4240	1	1	29
4751	4241	1	1	29
4751	4242	1	1	29
4751	4243	1	1	29
4751	4244	1	1	29
4751	4245	1	1	29
4751	4246	1	1	29
4751	4247	1	1	29
4751	4248	1	1	29
4751	4249	1	1	29
4751	4250	1	1	29
4751	4251	1	1	29
4751	4252	1	1	29
4751	4253	1	1	29
4751	4254	1	1	29
4751	4255	1	1	29
4751	4256	1	1	29
4751	4257	1	1	29
4751	4258	1	1	29
4751	4259	1	1	29
4751	4260	1	1	29
4751	4262	1	1	29
4751	4261	1	1	29
4751	4263	1	1	29
4751	4264	1	1	29
4751	4265	1	1	29
4751	4386	1	1	29
4751	4385	1	1	29
4751	4387	1	1	29
4751	4388	1	1	29
4751	4389	1	1	29
4751	5274	1	1	29
4751	5275	1	1	29
4751	5276	1	1	29
4751	5277	1	1	29
4751	5278	1	1	29
4751	4266	1	1	29
4751	4267	1	1	29
4751	4268	1	1	29
4751	4269	1	1	29
4751	4270	1	1	29
4751	4271	1	1	29
4751	4272	1	1	29
4751	4273	1	1	29
4751	4275	1	1	29
4751	4274	1	1	29
4751	4276	1	1	29
4751	4277	1	1	29
4751	4278	1	1	29
4751	4280	1	1	29
4751	4279	1	1	29
4751	4281	1	1	29
4751	4282	1	1	29
4751	4283	1	1	29
4751	4285	1	1	29
4751	4284	1	1	29
4751	4286	1	1	29
4751	4287	1	1	29
4751	4288	1	1	29
4751	4290	1	1	29
4751	4289	1	1	29
4751	4291	1	1	29
4751	4292	1	1	29
4751	4293	1	1	29
4751	4295	1	1	29
4751	4294	1	1	29
4751	4296	1	1	29
4751	4297	1	1	29
4751	4298	1	1	29
4751	5279	1	1	29
4751	5280	1	1	29
4751	5281	1	1	29
4751	5282	1	1	29
4751	5283	1	1	29
4751	4299	1	1	29
4751	4300	1	1	29
4751	4301	1	1	29
4751	4302	1	1	29
4751	4303	1	1	29
4751	4304	1	1	29
4751	4305	1	1	29
4751	4306	1	1	29
4751	4307	1	1	29
4751	4308	1	1	29
4751	4309	1	1	29
4751	4310	1	1	29
4751	4311	1	1	29
4751	4316	1	1	29
4751	4312	1	1	29
4751	4313	1	1	29
4751	4314	1	1	29
4751	4315	1	1	29
4751	4321	1	1	29
4751	4317	1	1	29
4751	4318	1	1	29
4751	4319	1	1	29
4751	4320	1	1	29
4751	4326	1	1	29
4751	4322	1	1	29
4751	4323	1	1	29
4751	4324	1	1	29
4751	4325	1	1	29
4751	4331	1	1	29
4751	4327	1	1	29
4751	4328	1	1	29
4751	4329	1	1	29
4751	4330	1	1	29
4751	4399	1	1	29
4751	4395	1	1	29
4751	4396	1	1	29
4751	4397	1	1	29
4751	4398	1	1	29
4751	5284	1	1	29
4751	5285	1	1	29
4751	5286	1	1	29
4751	5287	1	1	29
4751	5288	1	1	29
4751	4332	1	1	29
4751	4333	1	1	29
4751	4334	1	1	29
4751	4335	1	1	29
4751	4336	1	1	29
4751	4337	1	1	29
4751	4338	1	1	29
4751	4339	1	1	29
4751	4340	1	1	29
4751	4341	1	1	29
4751	4342	1	1	29
4751	4343	1	1	29
4751	4344	1	1	29
4751	4349	1	1	29
4751	4345	1	1	29
4751	4346	1	1	29
4751	4347	1	1	29
4751	4348	1	1	29
4751	4354	1	1	29
4751	4350	1	1	29
4751	4351	1	1	29
4751	4352	1	1	29
4751	4353	1	1	29
4751	4359	1	1	29
4751	4355	1	1	29
4751	4356	1	1	29
4751	4357	1	1	29
4751	4358	1	1	29
4751	4364	1	1	29
4751	4360	1	1	29
4751	4361	1	1	29
4751	4362	1	1	29
4751	4363	1	1	29
4751	4404	1	1	29
4751	4400	1	1	29
4751	4401	1	1	29
4751	4402	1	1	29
4751	4403	1	1	29
4751	5289	1	1	29
4751	5290	1	1	29
4751	5291	1	1	29
4751	5292	1	1	29
4751	5293	1	1	29
4751	nothing	0	0	0
4755	1050	5	10	1500
4755	1053	5	10	1500
4755	1054	1	1	500
4755	617	1	1	1200
4755	614	1	1	1200
4755	610	1	1	1200
4755	607	1	1	1200
4755	604	1	1	1200
4755	486	1	3	500
4755	nothing	0	0	0
4871	486	1	10	1250
4871	4774	40	99	1250
4871	1170	3	7	1250
4871	1173	3	7	1250
4871	464	3	7	1250
4871	472	3	7	1250
4871	617	3	7	1250
4871	601	3	7	1250
4871	nothing	0	0	0
4895	4880	1	1	3334
4895	4893	1	1	3333
4895	4894	1	1	3333
4895	nothing	0	0	0
4887	64	1	1	25
4887	67	1	1	25
4887	68	1	1	25
4887	69	1	1	25
4887	330	1	1	25
4887	333	1	1	25
4887	334	1	1	25
4887	335	1	1	25
4887	2085	1	1	25
4887	2087	1	1	25
4887	2088	1	1	25
4887	2089	1	1	25
4887	2251	1	1	25
4887	2252	1	1	25
4887	2254	1	1	25
4887	2255	1	1	25
4887	2256	1	1	25
4887	2257	1	1	25
4887	2258	1	1	25
4887	2260	1	1	25
4887	2261	1	1	25
4887	2262	1	1	25
4887	2263	1	1	25
4887	2264	1	1	25
4887	2266	1	1	25
4887	2267	1	1	25
4887	2268	1	1	25
4887	2269	1	1	25
4887	2270	1	1	25
4887	2272	1	1	25
4887	2273	1	1	25
4887	2274	1	1	25
4887	3051	1	1	25
4887	3050	1	1	25
4887	3052	1	1	25
4887	3053	1	1	25
4887	3054	1	1	25
4887	3066	1	1	25
4887	3065	1	1	25
4887	3067	1	1	25
4887	3068	1	1	25
4887	3069	1	1	25
4887	5106	1	1	25
4887	5107	1	1	25
4887	5108	1	1	25
4887	5109	1	1	25
4887	5110	1	1	25
4887	2145	1	1	15
4887	2147	1	1	15
4887	2148	1	1	15
4887	2149	1	1	15
4887	2151	1	1	15
4887	2153	1	1	15
4887	2154	1	1	15
4887	2155	1	1	15
4887	2227	1	1	15
4887	2228	1	1	15
4887	2230	1	1	15
4887	2231	1	1	15
4887	2232	1	1	15
4887	2238	1	1	15
4887	2233	1	1	15
4887	2235	1	1	15
4887	2236	1	1	15
4887	2237	1	1	15
4887	2239	1	1	15
4887	2240	1	1	15
4887	2242	1	1	15
4887	2243	1	1	15
4887	2244	1	1	15
4887	2245	1	1	15
4887	2246	1	1	15
4887	2248	1	1	15
4887	2249	1	1	15
4887	2250	1	1	15
4887	3056	1	1	15
4887	3055	1	1	15
4887	3057	1	1	15
4887	3058	1	1	15
4887	3059	1	1	15
4887	3071	1	1	15
4887	3070	1	1	15
4887	3072	1	1	15
4887	3073	1	1	15
4887	3074	1	1	15
4887	5111	1	1	15
4887	5112	1	1	15
4887	5113	1	1	15
4887	5114	1	1	15
4887	5115	1	1	15
4887	5501	1	1	15
4887	5502	1	1	15
4887	5503	1	1	15
4887	5504	1	1	15
4887	5505	1	1	15
4887	4101	1	1	5
4887	4102	1	1	5
4887	4103	1	1	5
4887	4104	1	1	5
4887	4105	1	1	5
4887	4106	1	1	5
4887	4107	1	1	5
4887	4108	1	1	5
4887	4109	1	1	5
4887	4110	1	1	5
4887	4111	1	1	5
4887	4112	1	1	5
4887	4113	1	1	5
4887	4118	1	1	5
4887	4114	1	1	5
4887	4115	1	1	5
4887	4116	1	1	5
4887	4117	1	1	5
4887	4119	1	1	5
4887	4120	1	1	5
4887	4121	1	1	5
4887	4122	1	1	5
4887	4123	1	1	5
4887	4124	1	1	5
4887	4125	1	1	5
4887	4126	1	1	5
4887	4127	1	1	5
4887	4128	1	1	5
4887	4130	1	1	5
4887	4129	1	1	5
4887	4131	1	1	5
4887	4132	1	1	5
4887	4133	1	1	5
4887	4366	1	1	5
4887	4365	1	1	5
4887	4367	1	1	5
4887	4368	1	1	5
4887	4369	1	1	5
4887	5254	1	1	5
4887	5255	1	1	5
4887	5256	1	1	5
4887	5257	1	1	5
4887	5258	1	1	5
4887	5601	1	1	5
4887	5602	1	1	5
4887	5603	1	1	5
4887	5604	1	1	5
4887	5605	1	1	5
4887	1965	1	1	70
4887	488	1	1	70
4887	1045	1	1	70
4887	1896	1	1	70
4887	1898	1	1	70
4887	1900	1	1	70
4887	3201	1	1	70
4887	3204	1	1	70
4887	3207	1	1	70
4887	3210	1	1	70
4887	5222	1	1	70
4887	4001	1	1	15
4887	4002	1	1	15
4887	4003	1	1	15
4887	4004	1	1	15
4887	4005	1	1	15
4887	4006	1	1	15
4887	4007	1	1	15
4887	4008	1	1	15
4887	4584	1	1	15
4887	4585	1	1	15
4887	1895	1	1	15
4887	2221	1	1	15
4887	1897	1	1	15
4887	1899	1	1	15
4887	1901	1	1	15
4887	3202	1	1	15
4887	3205	1	1	15
4887	3208	1	1	15
4887	3211	1	1	15
4887	5223	1	1	15
4887	1902	1	1	50
4887	1903	1	1	50
4887	1904	1	1	50
4887	507	1	1	50
4887	1907	1	1	50
4887	1909	1	1	50
4887	3213	1	1	50
4887	3216	1	1	50
4887	3219	1	1	50
4887	3222	1	1	50
4887	5225	1	1	50
4887	4009	1	1	15
4887	4010	1	1	15
4887	4011	1	1	15
4887	4012	1	1	15
4887	4013	1	1	15
4887	4014	1	1	15
4887	4015	1	1	15
4887	4016	1	1	15
4887	4586	1	1	15
4887	4587	1	1	15
4887	2216	1	1	25
4887	1905	1	1	25
4887	2224	1	1	25
4887	2217	1	1	25
4887	2220	1	1	25
4887	3214	1	1	25
4887	3217	1	1	25
4887	3220	1	1	25
4887	3223	1	1	25
4887	5226	1	1	25
4887	317	1	1	50
4887	514	1	1	50
4887	517	1	1	50
4887	515	1	1	50
4887	518	1	1	50
4887	516	1	1	50
4887	3225	1	1	50
4887	3228	1	1	50
4887	3231	1	1	50
4887	3234	1	1	50
4887	5228	1	1	50
4887	4017	1	1	15
4887	4018	1	1	15
4887	4019	1	1	15
4887	4020	1	1	15
4887	4021	1	1	15
4887	4022	1	1	15
4887	4023	1	1	15
4887	4024	1	1	15
4887	4588	1	1	15
4887	4589	1	1	15
4887	1910	1	1	25
4887	2222	1	1	25
4887	1912	1	1	25
4887	2225	1	1	25
4887	1913	1	1	25
4887	3226	1	1	25
4887	3229	1	1	25
4887	3232	1	1	25
4887	3235	1	1	25
4887	5229	1	1	25
4887	1914	1	1	50
4887	1915	1	1	50
4887	1917	1	1	50
4887	492	1	1	50
4887	1920	1	1	50
4887	1922	1	1	50
4887	3237	1	1	50
4887	3240	1	1	50
4887	3243	1	1	50
4887	3246	1	1	50
4887	5231	1	1	50
4887	4025	1	1	15
4887	4026	1	1	15
4887	4027	1	1	15
4887	4028	1	1	15
4887	4029	1	1	15
4887	4030	1	1	15
4887	4031	1	1	15
4887	4032	1	1	15
4887	4590	1	1	15
4887	4591	1	1	15
4887	1916	1	1	25
4887	1918	1	1	25
4887	1919	1	1	25
4887	1921	1	1	25
4887	1923	1	1	25
4887	3238	1	1	25
4887	3241	1	1	25
4887	3244	1	1	25
4887	3247	1	1	25
4887	5232	1	1	25
4887	1924	1	1	50
4887	1925	1	1	50
4887	1927	1	1	50
4887	1928	1	1	50
4887	1930	1	1	50
4887	1931	1	1	50
4887	3249	1	1	50
4887	3252	1	1	50
4887	3255	1	1	50
4887	3258	1	1	50
4887	5234	1	1	50
4887	4033	1	1	15
4887	4034	1	1	15
4887	4035	1	1	15
4887	4036	1	1	15
4887	4037	1	1	15
4887	4038	1	1	15
4887	4039	1	1	15
4887	4040	1	1	15
4887	4592	1	1	15
4887	4593	1	1	15
4887	1926	1	1	25
4887	2223	1	1	25
4887	1929	1	1	25
4887	2226	1	1	25
4887	1932	1	1	25
4887	3250	1	1	25
4887	3253	1	1	25
4887	3256	1	1	25
4887	3259	1	1	25
4887	5235	1	1	25
4887	464	1	5	10
4887	468	1	5	10
4887	589	1	5	10
4887	592	1	5	10
4887	595	1	5	10
4887	599	1	5	10
4887	470	1	5	10
4887	472	1	5	10
4887	475	1	5	10
4887	481	1	5	10
4887	601	1	5	10
4887	841	1	5	10
4887	1170	1	5	10
4887	1173	1	5	10
4887	604	1	5	10
4887	607	1	5	10
4887	610	1	5	10
4887	614	1	5	10
4887	617	1	5	10
4887	1125	50	99	20
4887	1126	50	99	20
4887	1127	50	99	20
4887	202	1	10	30
4887	244	1	10	20
4887	245	1	10	10
4887	246	1	10	5
4887	200	1	10	30
4887	252	1	10	20
4887	253	1	10	10
4887	254	1	10	5
4887	204	1	10	30
4887	256	1	10	20
4887	257	1	10	10
4887	258	1	10	5
4887	201	1	10	30
4887	260	1	10	20
4887	261	1	10	10
4887	262	1	10	5
4887	203	1	10	30
4887	264	1	10	20
4887	265	1	10	10
4887	266	1	10	5
4887	4772	50	99	10
4887	4773	50	99	10
4887	4774	50	99	10
4887	4778	1	10	10
4887	4779	1	10	10
4887	4780	1	10	10
4887	4781	1	10	10
4887	4782	1	10	10
4887	4783	1	10	10
4887	4784	1	10	10
4887	4785	1	10	10
4887	4786	1	10	10
4887	4787	1	10	10
4887	4788	1	10	10
4887	4789	1	10	10
4887	4790	1	10	10
4887	4791	1	10	10
4887	4792	1	10	10
4887	4793	1	10	10
4887	4794	1	10	10
4887	4795	1	10	10
4887	4796	1	10	10
4887	4797	1	10	10
4887	486	10	20	100
4887	nothing	0	0	0
4896	46	1	1	25
4896	49	1	1	25
4896	50	1	1	25
4896	51	1	1	25
4896	58	1	1	25
4896	61	1	1	25
4896	62	1	1	25
4896	63	1	1	25
4896	2090	1	1	25
4896	2092	1	1	25
4896	2093	1	1	25
4896	2094	1	1	25
4896	2299	1	1	25
4896	2300	1	1	25
4896	2302	1	1	25
4896	2303	1	1	25
4896	2304	1	1	25
4896	2305	1	1	25
4896	2306	1	1	25
4896	2308	1	1	25
4896	2309	1	1	25
4896	2310	1	1	25
4896	2311	1	1	25
4896	2312	1	1	25
4896	2314	1	1	25
4896	2315	1	1	25
4896	2316	1	1	25
4896	2317	1	1	25
4896	2318	1	1	25
4896	2320	1	1	25
4896	2321	1	1	25
4896	2322	1	1	25
4896	3076	1	1	25
4896	3075	1	1	25
4896	3077	1	1	25
4896	3078	1	1	25
4896	3079	1	1	25
4896	3091	1	1	25
4896	3090	1	1	25
4896	3092	1	1	25
4896	3093	1	1	25
4896	3094	1	1	25
4896	5121	1	1	25
4896	5122	1	1	25
4896	5123	1	1	25
4896	5124	1	1	25
4896	5125	1	1	25
4896	2157	1	1	15
4896	2159	1	1	15
4896	2160	1	1	15
4896	2161	1	1	15
4896	2163	1	1	15
4896	2164	1	1	15
4896	2166	1	1	15
4896	2167	1	1	15
4896	2275	1	1	15
4896	2276	1	1	15
4896	2278	1	1	15
4896	2279	1	1	15
4896	2280	1	1	15
4896	2281	1	1	15
4896	2282	1	1	15
4896	2284	1	1	15
4896	2285	1	1	15
4896	2286	1	1	15
4896	2287	1	1	15
4896	2288	1	1	15
4896	2290	1	1	15
4896	2291	1	1	15
4896	2292	1	1	15
4896	2293	1	1	15
4896	2294	1	1	15
4896	2296	1	1	15
4896	2297	1	1	15
4896	2298	1	1	15
4896	3081	1	1	15
4896	3080	1	1	15
4896	3082	1	1	15
4896	3083	1	1	15
4896	3084	1	1	15
4896	3096	1	1	15
4896	3095	1	1	15
4896	3097	1	1	15
4896	3098	1	1	15
4896	3099	1	1	15
4896	5126	1	1	15
4896	5127	1	1	15
4896	5128	1	1	15
4896	5129	1	1	15
4896	5130	1	1	15
4896	5506	1	1	15
4896	5507	1	1	15
4896	5508	1	1	15
4896	5509	1	1	15
4896	5510	1	1	15
4896	4134	1	1	5
4896	4135	1	1	5
4896	4136	1	1	5
4896	4137	1	1	5
4896	4138	1	1	5
4896	4139	1	1	5
4896	4140	1	1	5
4896	4141	1	1	5
4896	4142	1	1	5
4896	4143	1	1	5
4896	4144	1	1	5
4896	4145	1	1	5
4896	4146	1	1	5
4896	4147	1	1	5
4896	4148	1	1	5
4896	4149	1	1	5
4896	4150	1	1	5
4896	4151	1	1	5
4896	4152	1	1	5
4896	4153	1	1	5
4896	4154	1	1	5
4896	4155	1	1	5
4896	4156	1	1	5
4896	4157	1	1	5
4896	4158	1	1	5
4896	4159	1	1	5
4896	4160	1	1	5
4896	4161	1	1	5
4896	4163	1	1	5
4896	4162	1	1	5
4896	4164	1	1	5
4896	4165	1	1	5
4896	4166	1	1	5
4896	4371	1	1	5
4896	4370	1	1	5
4896	4372	1	1	5
4896	4373	1	1	5
4896	4374	1	1	5
4896	5259	1	1	5
4896	5260	1	1	5
4896	5261	1	1	5
4896	5262	1	1	5
4896	5263	1	1	5
4896	5606	1	1	5
4896	5607	1	1	5
4896	5608	1	1	5
4896	5609	1	1	5
4896	5610	1	1	5
4896	1933	1	1	70
4896	538	1	1	70
4896	1046	1	1	70
4896	1934	1	1	70
4896	1936	1	1	70
4896	1938	1	1	70
4896	3261	1	1	70
4896	3264	1	1	70
4896	3267	1	1	70
4896	3270	1	1	70
4896	5237	1	1	70
4896	4041	1	1	15
4896	4042	1	1	15
4896	4043	1	1	15
4896	4044	1	1	15
4896	4045	1	1	15
4896	4046	1	1	15
4896	4047	1	1	15
4896	4048	1	1	15
4896	4594	1	1	15
4896	4595	1	1	15
4896	537	1	1	15
4896	839	1	1	15
4896	1935	1	1	15
4896	1937	1	1	15
4896	1939	1	1	15
4896	3262	1	1	15
4896	3265	1	1	15
4896	3268	1	1	15
4896	3271	1	1	15
4896	5238	1	1	15
4896	545	1	1	50
4896	1940	1	1	50
4896	1942	1	1	50
4896	1944	1	1	50
4896	1946	1	1	50
4896	1948	1	1	50
4896	3273	1	1	50
4896	3276	1	1	50
4896	3279	1	1	50
4896	3282	1	1	50
4896	5240	1	1	50
4896	4049	1	1	15
4896	4050	1	1	15
4896	4051	1	1	15
4896	4052	1	1	15
4896	4053	1	1	15
4896	4054	1	1	15
4896	4055	1	1	15
4896	4056	1	1	15
4896	4596	1	1	15
4896	4597	1	1	15
4896	1941	1	1	25
4896	1943	1	1	25
4896	2218	1	1	25
4896	1947	1	1	25
4896	1949	1	1	25
4896	3274	1	1	25
4896	3277	1	1	25
4896	3280	1	1	25
4896	3283	1	1	25
4896	5241	1	1	25
4896	464	1	5	10
4896	468	1	5	10
4896	589	1	5	10
4896	592	1	5	10
4896	595	1	5	10
4896	599	1	5	10
4896	470	1	5	10
4896	472	1	5	10
4896	475	1	5	10
4896	481	1	5	10
4896	601	1	5	10
4896	841	1	5	10
4896	1170	1	5	10
4896	1173	1	5	10
4896	604	1	5	10
4896	607	1	5	10
4896	610	1	5	10
4896	614	1	5	10
4896	617	1	5	10
4896	1125	50	99	20
4896	1126	50	99	20
4896	1127	50	99	20
4896	202	1	10	30
4896	244	1	10	20
4896	245	1	10	10
4896	246	1	10	5
4896	200	1	10	30
4896	252	1	10	20
4896	253	1	10	10
4896	254	1	10	5
4896	204	1	10	30
4896	256	1	10	20
4896	257	1	10	10
4896	258	1	10	5
4896	201	1	10	30
4896	260	1	10	20
4896	261	1	10	10
4896	262	1	10	5
4896	203	1	10	30
4896	264	1	10	20
4896	265	1	10	10
4896	266	1	10	5
4896	4772	50	99	10
4896	4773	50	99	10
4896	4774	50	99	10
4896	4778	1	10	10
4896	4779	1	10	10
4896	4780	1	10	10
4896	4781	1	10	10
4896	4782	1	10	10
4896	4783	1	10	10
4896	4784	1	10	10
4896	4785	1	10	10
4896	4786	1	10	10
4896	4787	1	10	10
4896	4788	1	10	10
4896	4789	1	10	10
4896	4790	1	10	10
4896	4791	1	10	10
4896	4792	1	10	10
4896	4793	1	10	10
4896	4794	1	10	10
4896	4795	1	10	10
4896	4796	1	10	10
4896	4797	1	10	10
4896	486	10	20	100
4896	nothing	0	0	0
4905	82	1	1	25
4905	85	1	1	25
4905	86	1	1	25
4905	87	1	1	25
4905	88	1	1	25
4905	91	1	1	25
4905	92	1	1	25
4905	93	1	1	25
4905	2095	1	1	25
4905	2098	1	1	25
4905	2099	1	1	25
4905	2100	1	1	25
4905	2347	1	1	25
4905	2348	1	1	25
4905	2350	1	1	25
4905	2351	1	1	25
4905	2352	1	1	25
4905	2353	1	1	25
4905	2354	1	1	25
4905	2356	1	1	25
4905	2357	1	1	25
4905	2358	1	1	25
4905	2359	1	1	25
4905	2360	1	1	25
4905	2362	1	1	25
4905	2363	1	1	25
4905	2364	1	1	25
4905	2365	1	1	25
4905	2366	1	1	25
4905	2368	1	1	25
4905	2369	1	1	25
4905	2370	1	1	25
4905	3101	1	1	25
4905	3100	1	1	25
4905	3102	1	1	25
4905	3103	1	1	25
4905	3104	1	1	25
4905	3116	1	1	25
4905	3115	1	1	25
4905	3117	1	1	25
4905	3118	1	1	25
4905	3119	1	1	25
4905	5136	1	1	25
4905	5137	1	1	25
4905	5138	1	1	25
4905	5139	1	1	25
4905	5140	1	1	25
4905	2169	1	1	15
4905	2171	1	1	15
4905	2172	1	1	15
4905	2173	1	1	15
4905	2175	1	1	15
4905	2177	1	1	15
4905	2178	1	1	15
4905	2179	1	1	15
4905	2323	1	1	15
4905	2324	1	1	15
4905	2326	1	1	15
4905	2327	1	1	15
4905	2328	1	1	15
4905	2329	1	1	15
4905	2330	1	1	15
4905	2332	1	1	15
4905	2333	1	1	15
4905	2334	1	1	15
4905	2335	1	1	15
4905	2336	1	1	15
4905	2338	1	1	15
4905	2339	1	1	15
4905	2340	1	1	15
4905	2341	1	1	15
4905	2342	1	1	15
4905	2344	1	1	15
4905	2345	1	1	15
4905	2346	1	1	15
4905	3106	1	1	15
4905	3105	1	1	15
4905	3107	1	1	15
4905	3108	1	1	15
4905	3109	1	1	15
4905	3121	1	1	15
4905	3120	1	1	15
4905	3122	1	1	15
4905	3123	1	1	15
4905	3124	1	1	15
4905	5141	1	1	15
4905	5142	1	1	15
4905	5143	1	1	15
4905	5144	1	1	15
4905	5145	1	1	15
4905	5511	1	1	15
4905	5512	1	1	15
4905	5513	1	1	15
4905	5514	1	1	15
4905	5515	1	1	15
4905	4167	1	1	5
4905	4168	1	1	5
4905	4169	1	1	5
4905	4170	1	1	5
4905	4171	1	1	5
4905	4172	1	1	5
4905	4173	1	1	5
4905	4174	1	1	5
4905	4175	1	1	5
4905	4176	1	1	5
4905	4177	1	1	5
4905	4178	1	1	5
4905	4179	1	1	5
4905	4180	1	1	5
4905	4181	1	1	5
4905	4182	1	1	5
4905	4183	1	1	5
4905	4184	1	1	5
4905	4185	1	1	5
4905	4186	1	1	5
4905	4187	1	1	5
4905	4188	1	1	5
4905	4189	1	1	5
4905	4190	1	1	5
4905	4191	1	1	5
4905	4192	1	1	5
4905	4193	1	1	5
4905	4194	1	1	5
4905	4196	1	1	5
4905	4195	1	1	5
4905	4197	1	1	5
4905	4198	1	1	5
4905	4199	1	1	5
4905	4376	1	1	5
4905	4375	1	1	5
4905	4377	1	1	5
4905	4378	1	1	5
4905	4379	1	1	5
4905	5264	1	1	5
4905	5265	1	1	5
4905	5266	1	1	5
4905	5267	1	1	5
4905	5268	1	1	5
4905	5611	1	1	5
4905	5612	1	1	5
4905	5613	1	1	5
4905	5614	1	1	5
4905	5615	1	1	5
4905	1047	1	1	70
4905	1950	1	1	70
4905	551	1	1	70
4905	552	1	1	70
4905	1953	1	1	70
4905	1955	1	1	70
4905	3285	1	1	70
4905	3288	1	1	70
4905	3291	1	1	70
4905	3294	1	1	70
4905	5243	1	1	70
4905	4057	1	1	15
4905	4058	1	1	15
4905	4059	1	1	15
4905	4060	1	1	15
4905	4061	1	1	15
4905	4062	1	1	15
4905	4063	1	1	15
4905	4064	1	1	15
4905	4598	1	1	15
4905	4599	1	1	15
4905	1951	1	1	15
4905	838	1	1	15
4905	1952	1	1	15
4905	1954	1	1	15
4905	1956	1	1	15
4905	3286	1	1	15
4905	3289	1	1	15
4905	3292	1	1	15
4905	3295	1	1	15
4905	5244	1	1	15
4905	559	1	1	50
4905	498	1	1	50
4905	1958	1	1	50
4905	561	1	1	50
4905	1961	1	1	50
4905	1963	1	1	50
4905	3297	1	1	50
4905	3301	1	1	50
4905	3304	1	1	50
4905	3307	1	1	50
4905	5246	1	1	50
4905	4065	1	1	15
4905	4066	1	1	15
4905	4067	1	1	15
4905	4068	1	1	15
4905	4069	1	1	15
4905	4070	1	1	15
4905	4071	1	1	15
4905	4072	1	1	15
4905	4743	1	1	15
4905	4744	1	1	15
4905	1957	1	1	25
4905	1959	1	1	25
4905	2219	1	1	25
4905	1962	1	1	25
4905	1964	1	1	25
4905	3298	1	1	25
4905	3302	1	1	25
4905	3305	1	1	25
4905	3308	1	1	25
4905	5247	1	1	25
4905	464	1	5	10
4905	468	1	5	10
4905	589	1	5	10
4905	592	1	5	10
4905	595	1	5	10
4905	599	1	5	10
4905	470	1	5	10
4905	472	1	5	10
4905	475	1	5	10
4905	481	1	5	10
4905	601	1	5	10
4905	841	1	5	10
4905	1170	1	5	10
4905	1173	1	5	10
4905	604	1	5	10
4905	607	1	5	10
4905	610	1	5	10
4905	614	1	5	10
4905	617	1	5	10
4905	1125	50	99	20
4905	1126	50	99	20
4905	1127	50	99	20
4905	202	1	10	30
4905	244	1	10	20
4905	245	1	10	10
4905	246	1	10	5
4905	200	1	10	30
4905	252	1	10	20
4905	253	1	10	10
4905	254	1	10	5
4905	204	1	10	30
4905	256	1	10	20
4905	257	1	10	10
4905	258	1	10	5
4905	201	1	10	30
4905	260	1	10	20
4905	261	1	10	10
4905	262	1	10	5
4905	203	1	10	30
4905	264	1	10	20
4905	265	1	10	10
4905	266	1	10	5
4905	4772	50	99	10
4905	4773	50	99	10
4905	4774	50	99	10
4905	4778	1	10	10
4905	4779	1	10	10
4905	4780	1	10	10
4905	4781	1	10	10
4905	4782	1	10	10
4905	4783	1	10	10
4905	4784	1	10	10
4905	4785	1	10	10
4905	4786	1	10	10
4905	4787	1	10	10
4905	4788	1	10	10
4905	4789	1	10	10
4905	4790	1	10	10
4905	4791	1	10	10
4905	4792	1	10	10
4905	4793	1	10	10
4905	4794	1	10	10
4905	4795	1	10	10
4905	4796	1	10	10
4905	4797	1	10	10
4905	486	10	20	100
4905	nothing	0	0	0
4906	366	1	1	25
4906	369	1	1	25
4906	370	1	1	25
4906	371	1	1	25
4906	360	1	1	25
4906	363	1	1	25
4906	364	1	1	25
4906	365	1	1	25
4906	2101	1	1	25
4906	2103	1	1	25
4906	2104	1	1	25
4906	2105	1	1	25
4906	2395	1	1	25
4906	2396	1	1	25
4906	2398	1	1	25
4906	2399	1	1	25
4906	2400	1	1	25
4906	2401	1	1	25
4906	2402	1	1	25
4906	2404	1	1	25
4906	2405	1	1	25
4906	2406	1	1	25
4906	2407	1	1	25
4906	2408	1	1	25
4906	2410	1	1	25
4906	2411	1	1	25
4906	2412	1	1	25
4906	2413	1	1	25
4906	2414	1	1	25
4906	2416	1	1	25
4906	2417	1	1	25
4906	2418	1	1	25
4906	3126	1	1	25
4906	3125	1	1	25
4906	3127	1	1	25
4906	3128	1	1	25
4906	3129	1	1	25
4906	3141	1	1	25
4906	3140	1	1	25
4906	3142	1	1	25
4906	3143	1	1	25
4906	3144	1	1	25
4906	5151	1	1	25
4906	5152	1	1	25
4906	5153	1	1	25
4906	5154	1	1	25
4906	5155	1	1	25
4906	2205	1	1	15
4906	2207	1	1	15
4906	2208	1	1	15
4906	2209	1	1	15
4906	2211	1	1	15
4906	2213	1	1	15
4906	2214	1	1	15
4906	2215	1	1	15
4906	2371	1	1	15
4906	2372	1	1	15
4906	2374	1	1	15
4906	2375	1	1	15
4906	2376	1	1	15
4906	2382	1	1	15
4906	2377	1	1	15
4906	2379	1	1	15
4906	2380	1	1	15
4906	2381	1	1	15
4906	2383	1	1	15
4906	2384	1	1	15
4906	2386	1	1	15
4906	2387	1	1	15
4906	2388	1	1	15
4906	2389	1	1	15
4906	2390	1	1	15
4906	2392	1	1	15
4906	2393	1	1	15
4906	2394	1	1	15
4906	3131	1	1	15
4906	3130	1	1	15
4906	3132	1	1	15
4906	3133	1	1	15
4906	3134	1	1	15
4906	3146	1	1	15
4906	3145	1	1	15
4906	3147	1	1	15
4906	3148	1	1	15
4906	3149	1	1	15
4906	5156	1	1	15
4906	5157	1	1	15
4906	5158	1	1	15
4906	5159	1	1	15
4906	5160	1	1	15
4906	5516	1	1	15
4906	5517	1	1	15
4906	5518	1	1	15
4906	5519	1	1	15
4906	5520	1	1	15
4906	4200	1	1	5
4906	4201	1	1	5
4906	4202	1	1	5
4906	4203	1	1	5
4906	4204	1	1	5
4906	4205	1	1	5
4906	4206	1	1	5
4906	4207	1	1	5
4906	4208	1	1	5
4906	4209	1	1	5
4906	4210	1	1	5
4906	4211	1	1	5
4906	4212	1	1	5
4906	4217	1	1	5
4906	4213	1	1	5
4906	4214	1	1	5
4906	4215	1	1	5
4906	4216	1	1	5
4906	4218	1	1	5
4906	4219	1	1	5
4906	4220	1	1	5
4906	4221	1	1	5
4906	4222	1	1	5
4906	4223	1	1	5
4906	4224	1	1	5
4906	4225	1	1	5
4906	4226	1	1	5
4906	4227	1	1	5
4906	4229	1	1	5
4906	4228	1	1	5
4906	4230	1	1	5
4906	4231	1	1	5
4906	4232	1	1	5
4906	4381	1	1	5
4906	4380	1	1	5
4906	4382	1	1	5
4906	4383	1	1	5
4906	4384	1	1	5
4906	5269	1	1	5
4906	5270	1	1	5
4906	5271	1	1	5
4906	5272	1	1	5
4906	5273	1	1	5
4906	5616	1	1	5
4906	5617	1	1	5
4906	5618	1	1	5
4906	5619	1	1	5
4906	5620	1	1	5
4906	1965	1	1	70
4906	488	1	1	70
4906	1045	1	1	70
4906	1896	1	1	70
4906	1898	1	1	70
4906	1900	1	1	70
4906	3201	1	1	70
4906	3204	1	1	70
4906	3207	1	1	70
4906	3210	1	1	70
4906	5222	1	1	70
4906	4001	1	1	15
4906	4002	1	1	15
4906	4003	1	1	15
4906	4004	1	1	15
4906	4005	1	1	15
4906	4006	1	1	15
4906	4007	1	1	15
4906	4008	1	1	15
4906	4584	1	1	15
4906	4585	1	1	15
4906	1895	1	1	15
4906	2221	1	1	15
4906	1897	1	1	15
4906	1899	1	1	15
4906	1901	1	1	15
4906	3202	1	1	15
4906	3205	1	1	15
4906	3208	1	1	15
4906	3211	1	1	15
4906	5223	1	1	15
4906	1902	1	1	50
4906	1903	1	1	50
4906	1904	1	1	50
4906	507	1	1	50
4906	1907	1	1	50
4906	1909	1	1	50
4906	3213	1	1	50
4906	3216	1	1	50
4906	3219	1	1	50
4906	3222	1	1	50
4906	5225	1	1	50
4906	4009	1	1	15
4906	4010	1	1	15
4906	4011	1	1	15
4906	4012	1	1	15
4906	4013	1	1	15
4906	4014	1	1	15
4906	4015	1	1	15
4906	4016	1	1	15
4906	4586	1	1	15
4906	4587	1	1	15
4906	2216	1	1	25
4906	1905	1	1	25
4906	2224	1	1	25
4906	2217	1	1	25
4906	2220	1	1	25
4906	3214	1	1	25
4906	3217	1	1	25
4906	3220	1	1	25
4906	3223	1	1	25
4906	5226	1	1	25
4906	317	1	1	50
4906	514	1	1	50
4906	517	1	1	50
4906	515	1	1	50
4906	518	1	1	50
4906	516	1	1	50
4906	3225	1	1	50
4906	3228	1	1	50
4906	3231	1	1	50
4906	3234	1	1	50
4906	5228	1	1	50
4906	4017	1	1	15
4906	4018	1	1	15
4906	4019	1	1	15
4906	4020	1	1	15
4906	4021	1	1	15
4906	4022	1	1	15
4906	4023	1	1	15
4906	4024	1	1	15
4906	4588	1	1	15
4906	4589	1	1	15
4906	1910	1	1	25
4906	2222	1	1	25
4906	1912	1	1	25
4906	2225	1	1	25
4906	1913	1	1	25
4906	3226	1	1	25
4906	3229	1	1	25
4906	3232	1	1	25
4906	3235	1	1	25
4906	5229	1	1	25
4906	1914	1	1	50
4906	1915	1	1	50
4906	1917	1	1	50
4906	492	1	1	50
4906	1920	1	1	50
4906	1922	1	1	50
4906	3237	1	1	50
4906	3240	1	1	50
4906	3243	1	1	50
4906	3246	1	1	50
4906	5231	1	1	50
4906	4025	1	1	15
4906	4026	1	1	15
4906	4027	1	1	15
4906	4028	1	1	15
4906	4029	1	1	15
4906	4030	1	1	15
4906	4031	1	1	15
4906	4032	1	1	15
4906	4590	1	1	15
4906	4591	1	1	15
4906	1916	1	1	25
4906	1918	1	1	25
4906	1919	1	1	25
4906	1921	1	1	25
4906	1923	1	1	25
4906	3238	1	1	25
4906	3241	1	1	25
4906	3244	1	1	25
4906	3247	1	1	25
4906	5232	1	1	25
4906	1924	1	1	50
4906	1925	1	1	50
4906	1927	1	1	50
4906	1928	1	1	50
4906	1930	1	1	50
4906	1931	1	1	50
4906	3249	1	1	50
4906	3252	1	1	50
4906	3255	1	1	50
4906	3258	1	1	50
4906	5234	1	1	50
4906	4033	1	1	15
4906	4034	1	1	15
4906	4035	1	1	15
4906	4036	1	1	15
4906	4037	1	1	15
4906	4038	1	1	15
4906	4039	1	1	15
4906	4040	1	1	15
4906	4592	1	1	15
4906	4593	1	1	15
4906	1926	1	1	25
4906	2223	1	1	25
4906	1929	1	1	25
4906	2226	1	1	25
4906	1932	1	1	25
4906	3250	1	1	25
4906	3253	1	1	25
4906	3256	1	1	25
4906	3259	1	1	25
4906	5235	1	1	25
4906	464	1	5	10
4906	468	1	5	10
4906	589	1	5	10
4906	592	1	5	10
4906	595	1	5	10
4906	599	1	5	10
4906	470	1	5	10
4906	472	1	5	10
4906	475	1	5	10
4906	481	1	5	10
4906	601	1	5	10
4906	841	1	5	10
4906	1170	1	5	10
4906	1173	1	5	10
4906	604	1	5	10
4906	607	1	5	10
4906	610	1	5	10
4906	614	1	5	10
4906	617	1	5	10
4906	1125	50	99	20
4906	1126	50	99	20
4906	1127	50	99	20
4906	202	1	10	30
4906	244	1	10	20
4906	245	1	10	10
4906	246	1	10	5
4906	200	1	10	30
4906	252	1	10	20
4906	253	1	10	10
4906	254	1	10	5
4906	204	1	10	30
4906	256	1	10	20
4906	257	1	10	10
4906	258	1	10	5
4906	201	1	10	30
4906	260	1	10	20
4906	261	1	10	10
4906	262	1	10	5
4906	203	1	10	30
4906	264	1	10	20
4906	265	1	10	10
4906	266	1	10	5
4906	4772	50	99	10
4906	4773	50	99	10
4906	4774	50	99	10
4906	4778	1	10	10
4906	4779	1	10	10
4906	4780	1	10	10
4906	4781	1	10	10
4906	4782	1	10	10
4906	4783	1	10	10
4906	4784	1	10	10
4906	4785	1	10	10
4906	4786	1	10	10
4906	4787	1	10	10
4906	4788	1	10	10
4906	4789	1	10	10
4906	4790	1	10	10
4906	4791	1	10	10
4906	4792	1	10	10
4906	4793	1	10	10
4906	4794	1	10	10
4906	4795	1	10	10
4906	4796	1	10	10
4906	4797	1	10	10
4906	486	10	20	100
4906	nothing	0	0	0
4907	118	1	1	25
4907	121	1	1	25
4907	122	1	1	25
4907	123	1	1	25
4907	124	1	1	25
4907	127	1	1	25
4907	128	1	1	25
4907	129	1	1	25
4907	2106	1	1	25
4907	2108	1	1	25
4907	2109	1	1	25
4907	2110	1	1	25
4907	2443	1	1	25
4907	2444	1	1	25
4907	2446	1	1	25
4907	2447	1	1	25
4907	2448	1	1	25
4907	2449	1	1	25
4907	2450	1	1	25
4907	2452	1	1	25
4907	2453	1	1	25
4907	2454	1	1	25
4907	2455	1	1	25
4907	2456	1	1	25
4907	2458	1	1	25
4907	2459	1	1	25
4907	2460	1	1	25
4907	2461	1	1	25
4907	2462	1	1	25
4907	2464	1	1	25
4907	2465	1	1	25
4907	2466	1	1	25
4907	3151	1	1	25
4907	3150	1	1	25
4907	3152	1	1	25
4907	3153	1	1	25
4907	3154	1	1	25
4907	3166	1	1	25
4907	3165	1	1	25
4907	3167	1	1	25
4907	3168	1	1	25
4907	3169	1	1	25
4907	5166	1	1	25
4907	5167	1	1	25
4907	5168	1	1	25
4907	5169	1	1	25
4907	5170	1	1	25
4907	2181	1	1	15
4907	2183	1	1	15
4907	2184	1	1	15
4907	2185	1	1	15
4907	2187	1	1	15
4907	2189	1	1	15
4907	2190	1	1	15
4907	2191	1	1	15
4907	2419	1	1	15
4907	2420	1	1	15
4907	2422	1	1	15
4907	2423	1	1	15
4907	2424	1	1	15
4907	2425	1	1	15
4907	2426	1	1	15
4907	2428	1	1	15
4907	2429	1	1	15
4907	2430	1	1	15
4907	2431	1	1	15
4907	2432	1	1	15
4907	2434	1	1	15
4907	2435	1	1	15
4907	2436	1	1	15
4907	2437	1	1	15
4907	2438	1	1	15
4907	2440	1	1	15
4907	2441	1	1	15
4907	2442	1	1	15
4907	3156	1	1	15
4907	3155	1	1	15
4907	3157	1	1	15
4907	3158	1	1	15
4907	3159	1	1	15
4907	3171	1	1	15
4907	3170	1	1	15
4907	3172	1	1	15
4907	3173	1	1	15
4907	3174	1	1	15
4907	5171	1	1	15
4907	5172	1	1	15
4907	5173	1	1	15
4907	5174	1	1	15
4907	5175	1	1	15
4907	5521	1	1	15
4907	5522	1	1	15
4907	5523	1	1	15
4907	5524	1	1	15
4907	5525	1	1	15
4907	4233	1	1	5
4907	4234	1	1	5
4907	4235	1	1	5
4907	4236	1	1	5
4907	4237	1	1	5
4907	4238	1	1	5
4907	4239	1	1	5
4907	4240	1	1	5
4907	4241	1	1	5
4907	4242	1	1	5
4907	4243	1	1	5
4907	4244	1	1	5
4907	4245	1	1	5
4907	4246	1	1	5
4907	4247	1	1	5
4907	4248	1	1	5
4907	4249	1	1	5
4907	4250	1	1	5
4907	4251	1	1	5
4907	4252	1	1	5
4907	4253	1	1	5
4907	4254	1	1	5
4907	4255	1	1	5
4907	4256	1	1	5
4907	4257	1	1	5
4907	4258	1	1	5
4907	4259	1	1	5
4907	4260	1	1	5
4907	4262	1	1	5
4907	4261	1	1	5
4907	4263	1	1	5
4907	4264	1	1	5
4907	4265	1	1	5
4907	4386	1	1	5
4907	4385	1	1	5
4907	4387	1	1	5
4907	4388	1	1	5
4907	4389	1	1	5
4907	5274	1	1	5
4907	5275	1	1	5
4907	5276	1	1	5
4907	5277	1	1	5
4907	5278	1	1	5
4907	5621	1	1	5
4907	5622	1	1	5
4907	5623	1	1	5
4907	5624	1	1	5
4907	5625	1	1	5
4907	1933	1	1	70
4907	538	1	1	70
4907	1046	1	1	70
4907	1934	1	1	70
4907	1936	1	1	70
4907	1938	1	1	70
4907	3261	1	1	70
4907	3264	1	1	70
4907	3267	1	1	70
4907	3270	1	1	70
4907	5237	1	1	70
4907	4041	1	1	15
4907	4042	1	1	15
4907	4043	1	1	15
4907	4044	1	1	15
4907	4045	1	1	15
4907	4046	1	1	15
4907	4047	1	1	15
4907	4048	1	1	15
4907	4594	1	1	15
4907	4595	1	1	15
4907	537	1	1	15
4907	839	1	1	15
4907	1935	1	1	15
4907	1937	1	1	15
4907	1939	1	1	15
4907	3262	1	1	15
4907	3265	1	1	15
4907	3268	1	1	15
4907	3271	1	1	15
4907	5238	1	1	15
4907	545	1	1	50
4907	1940	1	1	50
4907	1942	1	1	50
4907	1944	1	1	50
4907	1946	1	1	50
4907	1948	1	1	50
4907	3273	1	1	50
4907	3276	1	1	50
4907	3279	1	1	50
4907	3282	1	1	50
4907	5240	1	1	50
4907	4049	1	1	15
4907	4050	1	1	15
4907	4051	1	1	15
4907	4052	1	1	15
4907	4053	1	1	15
4907	4054	1	1	15
4907	4055	1	1	15
4907	4056	1	1	15
4907	4596	1	1	15
4907	4597	1	1	15
4907	1941	1	1	25
4907	1943	1	1	25
4907	2218	1	1	25
4907	1947	1	1	25
4907	1949	1	1	25
4907	3274	1	1	25
4907	3277	1	1	25
4907	3280	1	1	25
4907	3283	1	1	25
4907	5241	1	1	25
4907	464	1	5	10
4907	468	1	5	10
4907	589	1	5	10
4907	592	1	5	10
4907	595	1	5	10
4907	599	1	5	10
4907	470	1	5	10
4907	472	1	5	10
4907	475	1	5	10
4907	481	1	5	10
4907	601	1	5	10
4907	841	1	5	10
4907	1170	1	5	10
4907	1173	1	5	10
4907	604	1	5	10
4907	607	1	5	10
4907	610	1	5	10
4907	614	1	5	10
4907	617	1	5	10
4907	1125	50	99	20
4907	1126	50	99	20
4907	1127	50	99	20
4907	202	1	10	30
4907	244	1	10	20
4907	245	1	10	10
4907	246	1	10	5
4907	200	1	10	30
4907	252	1	10	20
4907	253	1	10	10
4907	254	1	10	5
4907	204	1	10	30
4907	256	1	10	20
4907	257	1	10	10
4907	258	1	10	5
4907	201	1	10	30
4907	260	1	10	20
4907	261	1	10	10
4907	262	1	10	5
4907	203	1	10	30
4907	264	1	10	20
4907	265	1	10	10
4907	266	1	10	5
4907	4772	50	99	10
4907	4773	50	99	10
4907	4774	50	99	10
4907	4778	1	10	10
4907	4779	1	10	10
4907	4780	1	10	10
4907	4781	1	10	10
4907	4782	1	10	10
4907	4783	1	10	10
4907	4784	1	10	10
4907	4785	1	10	10
4907	4786	1	10	10
4907	4787	1	10	10
4907	4788	1	10	10
4907	4789	1	10	10
4907	4790	1	10	10
4907	4791	1	10	10
4907	4792	1	10	10
4907	4793	1	10	10
4907	4794	1	10	10
4907	4795	1	10	10
4907	4796	1	10	10
4907	4797	1	10	10
4907	486	10	20	100
4907	nothing	0	0	0
4908	154	1	1	25
4908	157	1	1	25
4908	158	1	1	25
4908	159	1	1	25
4908	160	1	1	25
4908	163	1	1	25
4908	164	1	1	25
4908	165	1	1	25
4908	2111	1	1	25
4908	2113	1	1	25
4908	2114	1	1	25
4908	2115	1	1	25
4908	2492	1	1	25
4908	2491	1	1	25
4908	2494	1	1	25
4908	2495	1	1	25
4908	2496	1	1	25
4908	2498	1	1	25
4908	2497	1	1	25
4908	2500	1	1	25
4908	2501	1	1	25
4908	2502	1	1	25
4908	2504	1	1	25
4908	2503	1	1	25
4908	2506	1	1	25
4908	2507	1	1	25
4908	2508	1	1	25
4908	2510	1	1	25
4908	2509	1	1	25
4908	2512	1	1	25
4908	2513	1	1	25
4908	2514	1	1	25
4908	3176	1	1	25
4908	3175	1	1	25
4908	3177	1	1	25
4908	3178	1	1	25
4908	3179	1	1	25
4908	3191	1	1	25
4908	3190	1	1	25
4908	3192	1	1	25
4908	3193	1	1	25
4908	3194	1	1	25
4908	5181	1	1	25
4908	5182	1	1	25
4908	5183	1	1	25
4908	5184	1	1	25
4908	5185	1	1	25
4908	2192	1	1	15
4908	2195	1	1	15
4908	2196	1	1	15
4908	2197	1	1	15
4908	2198	1	1	15
4908	2201	1	1	15
4908	2202	1	1	15
4908	2203	1	1	15
4908	2468	1	1	15
4908	2467	1	1	15
4908	2470	1	1	15
4908	2471	1	1	15
4908	2472	1	1	15
4908	2474	1	1	15
4908	2473	1	1	15
4908	2476	1	1	15
4908	2477	1	1	15
4908	2478	1	1	15
4908	2480	1	1	15
4908	2479	1	1	15
4908	2482	1	1	15
4908	2483	1	1	15
4908	2484	1	1	15
4908	2486	1	1	15
4908	2485	1	1	15
4908	2488	1	1	15
4908	2489	1	1	15
4908	2490	1	1	15
4908	3181	1	1	15
4908	3180	1	1	15
4908	3182	1	1	15
4908	3183	1	1	15
4908	3184	1	1	15
4908	3196	1	1	15
4908	3195	1	1	15
4908	3197	1	1	15
4908	3198	1	1	15
4908	3199	1	1	15
4908	5186	1	1	15
4908	5187	1	1	15
4908	5188	1	1	15
4908	5189	1	1	15
4908	5190	1	1	15
4908	5526	1	1	15
4908	5527	1	1	15
4908	5528	1	1	15
4908	5529	1	1	15
4908	5530	1	1	15
4908	4266	1	1	5
4908	4267	1	1	5
4908	4268	1	1	5
4908	4269	1	1	5
4908	4270	1	1	5
4908	4271	1	1	5
4908	4272	1	1	5
4908	4273	1	1	5
4908	4275	1	1	5
4908	4274	1	1	5
4908	4276	1	1	5
4908	4277	1	1	5
4908	4278	1	1	5
4908	4280	1	1	5
4908	4279	1	1	5
4908	4281	1	1	5
4908	4282	1	1	5
4908	4283	1	1	5
4908	4285	1	1	5
4908	4284	1	1	5
4908	4286	1	1	5
4908	4287	1	1	5
4908	4288	1	1	5
4908	4290	1	1	5
4908	4289	1	1	5
4908	4291	1	1	5
4908	4292	1	1	5
4908	4293	1	1	5
4908	4295	1	1	5
4908	4294	1	1	5
4908	4296	1	1	5
4908	4297	1	1	5
4908	4298	1	1	5
4908	4391	1	1	5
4908	4390	1	1	5
4908	4392	1	1	5
4908	4393	1	1	5
4908	4394	1	1	5
4908	5279	1	1	5
4908	5280	1	1	5
4908	5281	1	1	5
4908	5282	1	1	5
4908	5283	1	1	5
4908	5626	1	1	5
4908	5627	1	1	5
4908	5628	1	1	5
4908	5629	1	1	5
4908	5630	1	1	5
4908	1047	1	1	70
4908	1950	1	1	70
4908	551	1	1	70
4908	552	1	1	70
4908	1953	1	1	70
4908	1955	1	1	70
4908	3285	1	1	70
4908	3288	1	1	70
4908	3291	1	1	70
4908	3294	1	1	70
4908	5243	1	1	70
4908	4057	1	1	15
4908	4058	1	1	15
4908	4059	1	1	15
4908	4060	1	1	15
4908	4061	1	1	15
4908	4062	1	1	15
4908	4063	1	1	15
4908	4064	1	1	15
4908	4598	1	1	15
4908	4599	1	1	15
4908	1951	1	1	15
4908	838	1	1	15
4908	1952	1	1	15
4908	1954	1	1	15
4908	1956	1	1	15
4908	3286	1	1	15
4908	3289	1	1	15
4908	3292	1	1	15
4908	3295	1	1	15
4908	5244	1	1	15
4908	559	1	1	50
4908	498	1	1	50
4908	1958	1	1	50
4908	561	1	1	50
4908	1961	1	1	50
4908	1963	1	1	50
4908	3297	1	1	50
4908	3301	1	1	50
4908	3304	1	1	50
4908	3307	1	1	50
4908	5246	1	1	50
4908	4065	1	1	15
4908	4066	1	1	15
4908	4067	1	1	15
4908	4068	1	1	15
4908	4069	1	1	15
4908	4070	1	1	15
4908	4071	1	1	15
4908	4072	1	1	15
4908	4743	1	1	15
4908	4744	1	1	15
4908	1957	1	1	25
4908	1959	1	1	25
4908	2219	1	1	25
4908	1962	1	1	25
4908	1964	1	1	25
4908	3298	1	1	25
4908	3302	1	1	25
4908	3305	1	1	25
4908	3308	1	1	25
4908	5247	1	1	25
4908	464	1	5	10
4908	468	1	5	10
4908	589	1	5	10
4908	592	1	5	10
4908	595	1	5	10
4908	599	1	5	10
4908	470	1	5	10
4908	472	1	5	10
4908	475	1	5	10
4908	481	1	5	10
4908	601	1	5	10
4908	841	1	5	10
4908	1170	1	5	10
4908	1173	1	5	10
4908	604	1	5	10
4908	607	1	5	10
4908	610	1	5	10
4908	614	1	5	10
4908	617	1	5	10
4908	1125	50	99	20
4908	1126	50	99	20
4908	1127	50	99	20
4908	202	1	10	30
4908	244	1	10	20
4908	245	1	10	10
4908	246	1	10	5
4908	200	1	10	30
4908	252	1	10	20
4908	253	1	10	10
4908	254	1	10	5
4908	204	1	10	30
4908	256	1	10	20
4908	257	1	10	10
4908	258	1	10	5
4908	201	1	10	30
4908	260	1	10	20
4908	261	1	10	10
4908	262	1	10	5
4908	203	1	10	30
4908	264	1	10	20
4908	265	1	10	10
4908	266	1	10	5
4908	4772	50	99	10
4908	4773	50	99	10
4908	4774	50	99	10
4908	4778	1	10	10
4908	4779	1	10	10
4908	4780	1	10	10
4908	4781	1	10	10
4908	4782	1	10	10
4908	4783	1	10	10
4908	4784	1	10	10
4908	4785	1	10	10
4908	4786	1	10	10
4908	4787	1	10	10
4908	4788	1	10	10
4908	4789	1	10	10
4908	4790	1	10	10
4908	4791	1	10	10
4908	4792	1	10	10
4908	4793	1	10	10
4908	4794	1	10	10
4908	4795	1	10	10
4908	4796	1	10	10
4908	4797	1	10	10
4908	486	10	20	100
4908	nothing	0	0	0
4909	2903	1	1	25
4909	2905	1	1	25
4909	2906	1	1	25
4909	2907	1	1	25
4909	2913	1	1	25
4909	2915	1	1	25
4909	2916	1	1	25
4909	2917	1	1	25
4909	2928	1	1	25
4909	2930	1	1	25
4909	2931	1	1	25
4909	2932	1	1	25
4909	2963	1	1	25
4909	2943	1	1	25
4909	2945	1	1	25
4909	2946	1	1	25
4909	2947	1	1	25
4909	2971	1	1	25
4909	2966	1	1	25
4909	2968	1	1	25
4909	2969	1	1	25
4909	2970	1	1	25
4909	3635	1	1	25
4909	3630	1	1	25
4909	3632	1	1	25
4909	3633	1	1	25
4909	3634	1	1	25
4909	3653	1	1	25
4909	3648	1	1	25
4909	3650	1	1	25
4909	3651	1	1	25
4909	3652	1	1	25
4909	3676	1	1	25
4909	3666	1	1	25
4909	3668	1	1	25
4909	3669	1	1	25
4909	3670	1	1	25
4909	3870	1	1	25
4909	3865	1	1	25
4909	3867	1	1	25
4909	3868	1	1	25
4909	3869	1	1	25
4909	5196	1	1	25
4909	5197	1	1	25
4909	5199	1	1	25
4909	5198	1	1	25
4909	5200	1	1	25
4909	2918	1	1	15
4909	2920	1	1	15
4909	2921	1	1	15
4909	2922	1	1	15
4909	2933	1	1	15
4909	2935	1	1	15
4909	2936	1	1	15
4909	2937	1	1	15
4909	2964	1	1	15
4909	2948	1	1	15
4909	2950	1	1	15
4909	2951	1	1	15
4909	2952	1	1	15
4909	2977	1	1	15
4909	2972	1	1	15
4909	2974	1	1	15
4909	2975	1	1	15
4909	2976	1	1	15
4909	3641	1	1	15
4909	3636	1	1	15
4909	3638	1	1	15
4909	3639	1	1	15
4909	3640	1	1	15
4909	3659	1	1	15
4909	3654	1	1	15
4909	3656	1	1	15
4909	3657	1	1	15
4909	3658	1	1	15
4909	3677	1	1	15
4909	3671	1	1	15
4909	3673	1	1	15
4909	3674	1	1	15
4909	3675	1	1	15
4909	3876	1	1	15
4909	3871	1	1	15
4909	3873	1	1	15
4909	3874	1	1	15
4909	3875	1	1	15
4909	5201	1	1	15
4909	5202	1	1	15
4909	5204	1	1	15
4909	5203	1	1	15
4909	5205	1	1	15
4909	5531	1	1	15
4909	5532	1	1	15
4909	5533	1	1	15
4909	5534	1	1	15
4909	5535	1	1	15
4909	4299	1	1	5
4909	4300	1	1	5
4909	4301	1	1	5
4909	4302	1	1	5
4909	4303	1	1	5
4909	4304	1	1	5
4909	4305	1	1	5
4909	4306	1	1	5
4909	4307	1	1	5
4909	4308	1	1	5
4909	4309	1	1	5
4909	4310	1	1	5
4909	4311	1	1	5
4909	4316	1	1	5
4909	4312	1	1	5
4909	4313	1	1	5
4909	4314	1	1	5
4909	4315	1	1	5
4909	4321	1	1	5
4909	4317	1	1	5
4909	4318	1	1	5
4909	4319	1	1	5
4909	4320	1	1	5
4909	4326	1	1	5
4909	4322	1	1	5
4909	4323	1	1	5
4909	4324	1	1	5
4909	4325	1	1	5
4909	4331	1	1	5
4909	4327	1	1	5
4909	4328	1	1	5
4909	4329	1	1	5
4909	4330	1	1	5
4909	4399	1	1	5
4909	4395	1	1	5
4909	4396	1	1	5
4909	4397	1	1	5
4909	4398	1	1	5
4909	5284	1	1	5
4909	5285	1	1	5
4909	5287	1	1	5
4909	5286	1	1	5
4909	5288	1	1	5
4909	5631	1	1	5
4909	5632	1	1	5
4909	5633	1	1	5
4909	5634	1	1	5
4909	5635	1	1	5
4909	2728	1	1	70
4909	2730	1	1	70
4909	2733	1	1	70
4909	2736	1	1	70
4909	2739	1	1	70
4909	2742	1	1	70
4909	3733	1	1	70
4909	3736	1	1	70
4909	3739	1	1	70
4909	3742	1	1	70
4909	5249	1	1	70
4909	4073	1	1	15
4909	4074	1	1	15
4909	4075	1	1	15
4909	4076	1	1	15
4909	4077	1	1	15
4909	4078	1	1	15
4909	4079	1	1	15
4909	4080	1	1	15
4909	4745	1	1	15
4909	4746	1	1	15
4909	2731	1	1	15
4909	2734	1	1	15
4909	2737	1	1	15
4909	2740	1	1	15
4909	2743	1	1	15
4909	3734	1	1	15
4909	3737	1	1	15
4909	3740	1	1	15
4909	3743	1	1	15
4909	5250	1	1	15
4909	1933	1	1	50
4909	538	1	1	50
4909	1046	1	1	50
4909	1934	1	1	50
4909	1936	1	1	50
4909	1938	1	1	50
4909	3261	1	1	50
4909	3264	1	1	50
4909	3267	1	1	50
4909	3270	1	1	50
4909	5237	1	1	50
4909	4041	1	1	15
4909	4042	1	1	15
4909	4043	1	1	15
4909	4044	1	1	15
4909	4045	1	1	15
4909	4046	1	1	15
4909	4047	1	1	15
4909	4048	1	1	15
4909	4594	1	1	15
4909	4595	1	1	15
4909	537	1	1	25
4909	839	1	1	25
4909	1935	1	1	25
4909	1937	1	1	25
4909	1939	1	1	25
4909	3262	1	1	25
4909	3265	1	1	25
4909	3268	1	1	25
4909	3271	1	1	25
4909	5238	1	1	25
4909	464	1	5	10
4909	468	1	5	10
4909	589	1	5	10
4909	592	1	5	10
4909	595	1	5	10
4909	599	1	5	10
4909	470	1	5	10
4909	472	1	5	10
4909	475	1	5	10
4909	481	1	5	10
4909	601	1	5	10
4909	841	1	5	10
4909	1170	1	5	10
4909	1173	1	5	10
4909	604	1	5	10
4909	607	1	5	10
4909	610	1	5	10
4909	614	1	5	10
4909	617	1	5	10
4909	1125	50	99	20
4909	1126	50	99	20
4909	1127	50	99	20
4909	202	1	10	30
4909	244	1	10	20
4909	245	1	10	10
4909	246	1	10	5
4909	200	1	10	30
4909	252	1	10	20
4909	253	1	10	10
4909	254	1	10	5
4909	204	1	10	30
4909	256	1	10	20
4909	257	1	10	10
4909	258	1	10	5
4909	201	1	10	30
4909	260	1	10	20
4909	261	1	10	10
4909	262	1	10	5
4909	203	1	10	30
4909	264	1	10	20
4909	265	1	10	10
4909	266	1	10	5
4909	4772	50	99	10
4909	4773	50	99	10
4909	4774	50	99	10
4909	4778	1	10	10
4909	4779	1	10	10
4909	4780	1	10	10
4909	4781	1	10	10
4909	4782	1	10	10
4909	4783	1	10	10
4909	4784	1	10	10
4909	4785	1	10	10
4909	4786	1	10	10
4909	4787	1	10	10
4909	4788	1	10	10
4909	4789	1	10	10
4909	4790	1	10	10
4909	4791	1	10	10
4909	4792	1	10	10
4909	4793	1	10	10
4909	4794	1	10	10
4909	4795	1	10	10
4909	4796	1	10	10
4909	4797	1	10	10
4909	486	10	20	100
4909	nothing	0	0	0
4910	2848	1	1	25
4910	2850	1	1	25
4910	2851	1	1	25
4910	2852	1	1	25
4910	2858	1	1	25
4910	2860	1	1	25
4910	2861	1	1	25
4910	2862	1	1	25
4910	2873	1	1	25
4910	2875	1	1	25
4910	2876	1	1	25
4910	2877	1	1	25
4910	2960	1	1	25
4910	2888	1	1	25
4910	2890	1	1	25
4910	2891	1	1	25
4910	2892	1	1	25
4910	2983	1	1	25
4910	2978	1	1	25
4910	2980	1	1	25
4910	2981	1	1	25
4910	2982	1	1	25
4910	3689	1	1	25
4910	3684	1	1	25
4910	3686	1	1	25
4910	3687	1	1	25
4910	3688	1	1	25
4910	3707	1	1	25
4910	3702	1	1	25
4910	3704	1	1	25
4910	3705	1	1	25
4910	3706	1	1	25
4910	3725	1	1	25
4910	3720	1	1	25
4910	3722	1	1	25
4910	3723	1	1	25
4910	3724	1	1	25
4910	3888	1	1	25
4910	3883	1	1	25
4910	3885	1	1	25
4910	3886	1	1	25
4910	3887	1	1	25
4910	5211	1	1	25
4910	5212	1	1	25
4910	5214	1	1	25
4910	5213	1	1	25
4910	5215	1	1	25
4910	2863	1	1	15
4910	2865	1	1	15
4910	2866	1	1	15
4910	2867	1	1	15
4910	2878	1	1	15
4910	2880	1	1	15
4910	2881	1	1	15
4910	2882	1	1	15
4910	2961	1	1	15
4910	2893	1	1	15
4910	2895	1	1	15
4910	2896	1	1	15
4910	2897	1	1	15
4910	2989	1	1	15
4910	2984	1	1	15
4910	2986	1	1	15
4910	2987	1	1	15
4910	2988	1	1	15
4910	3695	1	1	15
4910	3690	1	1	15
4910	3692	1	1	15
4910	3693	1	1	15
4910	3694	1	1	15
4910	3713	1	1	15
4910	3708	1	1	15
4910	3710	1	1	15
4910	3711	1	1	15
4910	3712	1	1	15
4910	3731	1	1	15
4910	3726	1	1	15
4910	3728	1	1	15
4910	3729	1	1	15
4910	3730	1	1	15
4910	3894	1	1	15
4910	3889	1	1	15
4910	3891	1	1	15
4910	3892	1	1	15
4910	3893	1	1	15
4910	5216	1	1	15
4910	5217	1	1	15
4910	5219	1	1	15
4910	5218	1	1	15
4910	5220	1	1	15
4910	5536	1	1	15
4910	5537	1	1	15
4910	5538	1	1	15
4910	5539	1	1	15
4910	5540	1	1	15
4910	4332	1	1	5
4910	4333	1	1	5
4910	4334	1	1	5
4910	4335	1	1	5
4910	4336	1	1	5
4910	4337	1	1	5
4910	4338	1	1	5
4910	4339	1	1	5
4910	4340	1	1	5
4910	4341	1	1	5
4910	4342	1	1	5
4910	4343	1	1	5
4910	4344	1	1	5
4910	4349	1	1	5
4910	4345	1	1	5
4910	4346	1	1	5
4910	4347	1	1	5
4910	4348	1	1	5
4910	4354	1	1	5
4910	4350	1	1	5
4910	4351	1	1	5
4910	4352	1	1	5
4910	4353	1	1	5
4910	4359	1	1	5
4910	4355	1	1	5
4910	4356	1	1	5
4910	4357	1	1	5
4910	4358	1	1	5
4910	4364	1	1	5
4910	4360	1	1	5
4910	4361	1	1	5
4910	4362	1	1	5
4910	4363	1	1	5
4910	4404	1	1	5
4910	4400	1	1	5
4910	4401	1	1	5
4910	4402	1	1	5
4910	4403	1	1	5
4910	5289	1	1	5
4910	5290	1	1	5
4910	5292	1	1	5
4910	5291	1	1	5
4910	5293	1	1	5
4910	5636	1	1	5
4910	5637	1	1	5
4910	5638	1	1	5
4910	5639	1	1	5
4910	5640	1	1	5
4910	2712	1	1	50
4910	2714	1	1	50
4910	2717	1	1	50
4910	2720	1	1	50
4910	2723	1	1	50
4910	2726	1	1	50
4910	3745	1	1	50
4910	3748	1	1	50
4910	3751	1	1	50
4910	3754	1	1	50
4910	5252	1	1	50
4910	4081	1	1	15
4910	4082	1	1	15
4910	4083	1	1	15
4910	4084	1	1	15
4910	4085	1	1	15
4910	4086	1	1	15
4910	4087	1	1	15
4910	4088	1	1	15
4910	4747	1	1	15
4910	4748	1	1	15
4910	2715	1	1	25
4910	2718	1	1	25
4910	2721	1	1	25
4910	2724	1	1	25
4910	2990	1	1	25
4910	3746	1	1	25
4910	3749	1	1	25
4910	3752	1	1	25
4910	3755	1	1	25
4910	5253	1	1	25
4910	1047	1	1	50
4910	1950	1	1	50
4910	551	1	1	50
4910	552	1	1	50
4910	1953	1	1	50
4910	1955	1	1	50
4910	3285	1	1	50
4910	3288	1	1	50
4910	3291	1	1	50
4910	3294	1	1	50
4910	5243	1	1	50
4910	4057	1	1	15
4910	4058	1	1	15
4910	4059	1	1	15
4910	4060	1	1	15
4910	4061	1	1	15
4910	4062	1	1	15
4910	4063	1	1	15
4910	4064	1	1	15
4910	4598	1	1	15
4910	4599	1	1	15
4910	1951	1	1	25
4910	838	1	1	25
4910	1952	1	1	25
4910	1954	1	1	25
4910	1956	1	1	25
4910	3286	1	1	25
4910	3289	1	1	25
4910	3292	1	1	25
4910	3295	1	1	25
4910	5244	1	1	25
4910	464	1	5	10
4910	468	1	5	10
4910	589	1	5	10
4910	592	1	5	10
4910	595	1	5	10
4910	599	1	5	10
4910	470	1	5	10
4910	472	1	5	10
4910	475	1	5	10
4910	481	1	5	10
4910	601	1	5	10
4910	841	1	5	10
4910	1170	1	5	10
4910	1173	1	5	10
4910	604	1	5	10
4910	607	1	5	10
4910	610	1	5	10
4910	614	1	5	10
4910	617	1	5	10
4910	1125	50	99	20
4910	1126	50	99	20
4910	1127	50	99	20
4910	202	1	10	30
4910	244	1	10	20
4910	245	1	10	10
4910	246	1	10	5
4910	200	1	10	30
4910	252	1	10	20
4910	253	1	10	10
4910	254	1	10	5
4910	204	1	10	30
4910	256	1	10	20
4910	257	1	10	10
4910	258	1	10	5
4910	201	1	10	30
4910	260	1	10	20
4910	261	1	10	10
4910	262	1	10	5
4910	203	1	10	30
4910	264	1	10	20
4910	265	1	10	10
4910	266	1	10	5
4910	4772	50	99	10
4910	4773	50	99	10
4910	4774	50	99	10
4910	4778	1	10	10
4910	4779	1	10	10
4910	4780	1	10	10
4910	4781	1	10	10
4910	4782	1	10	10
4910	4783	1	10	10
4910	4784	1	10	10
4910	4785	1	10	10
4910	4786	1	10	10
4910	4787	1	10	10
4910	4788	1	10	10
4910	4789	1	10	10
4910	4790	1	10	10
4910	4791	1	10	10
4910	4792	1	10	10
4910	4793	1	10	10
4910	4794	1	10	10
4910	4795	1	10	10
4910	4796	1	10	10
4910	4797	1	10	10
4910	486	10	20	100
4910	nothing	0	0	0
4988	190	1	10	5000
4988	588	1	2	5000
4988	nothing	0	0	0
4989	193	1	10	5000
4989	591	1	2	5000
4989	nothing	0	0	0
4990	232	1	10	5000
4990	264	1	2	5000
4990	nothing	0	0	0
4991	234	1	10	6000
4991	244	1	2	2000
4991	252	1	2	2000
4991	nothing	0	0	0
4992	233	1	10	6000
4992	260	1	2	2000
4992	256	1	2	2000
4992	nothing	0	0	0
4993	235	1	10	4000
4993	265	1	1	2000
4993	261	1	1	2000
4993	469	1	1	2000
4993	nothing	0	0	0
4994	3498	1	10	4000
4994	245	1	1	2000
4994	253	1	1	2000
4994	1845	1	1	2000
4994	nothing	0	0	0
4995	1125	1	10	4000
4995	4772	1	5	2000
4995	257	1	1	2000
4995	1841	1	1	2000
4995	nothing	0	0	0
4996	1126	1	10	2800
4996	4773	1	5	200
4996	1843	1	1	2700
4996	4751	1	1	2800
4996	4800	1	1	1500
4996	nothing	0	0	0
4997	1127	1	10	3300
4997	4774	1	5	110
4997	1853	1	1	3300
4997	4750	1	1	3290
4997	nothing	0	0	0
6242	6243	1	1	640
6242	6244	1	1	640
6242	6245	1	1	640
6242	6246	1	1	640
6242	4607	1	1	640
6242	4571	1	1	640
6242	6225	1	1	550
6242	6229	1	1	550
6242	6233	1	1	550
6242	6237	1	1	550
6242	6247	1	1	550
6242	6251	1	1	550
6242	6226	1	1	240
6242	6234	1	1	240
6242	6238	1	1	240
6242	6230	1	1	240
6242	6248	1	1	240
6242	6252	1	1	240
6242	6227	1	1	106
6242	6231	1	1	106
6242	6235	1	1	106
6242	6239	1	1	106
6242	6249	1	1	106
6242	6253	1	1	106
6242	6228	1	1	100
6242	6232	1	1	100
6242	6236	1	1	100
6242	6240	1	1	100
6242	6250	1	1	100
6242	6254	1	1	100
6242	6241	1	1	184
6242	nothing	0	0	0
7413	1172	1	5	1500
7413	1173	1	5	500
7413	600	1	5	1500
7413	601	1	5	500
7413	266	1	5	1200
7413	246	1	5	1200
7413	262	1	5	1200
7413	254	1	5	1200
7413	258	1	5	1200
7413	nothing	0	0	0
6087	6285	1	1	1667
6087	6286	1	1	1666
6087	6287	1	1	1667
6087	6288	1	1	1666
6087	6289	1	1	1667
6087	6290	1	1	1667
6087	nothing	0	0	0
6088	6291	1	1	1667
6088	6292	1	1	1666
6088	6293	1	1	1667
6088	6294	1	1	1666
6088	6295	1	1	1667
6088	6296	1	1	1667
6088	nothing	0	0	0
6089	6297	1	1	1667
6089	6298	1	1	1666
6089	6299	1	1	1667
6089	6300	1	1	1666
6089	6301	1	1	1667
6089	6302	1	1	1667
6089	nothing	0	0	0
6090	6303	1	1	1667
6090	6304	1	1	1666
6090	6305	1	1	1667
6090	6306	1	1	1666
6090	6307	1	1	1667
6090	6308	1	1	1667
6090	nothing	0	0	0
6106	6309	1	1	1667
6106	6310	1	1	1666
6106	6311	1	1	1667
6106	6312	1	1	1666
6106	6313	1	1	1667
6106	6314	1	1	1667
6106	nothing	0	0	0
6107	6315	1	1	1667
6107	6316	1	1	1666
6107	6317	1	1	1667
6107	6318	1	1	1666
6107	6319	1	1	1667
6107	6320	1	1	1667
6107	nothing	0	0	0
6110	6333	1	1	1667
6110	6334	1	1	1666
6110	6335	1	1	1667
6110	6336	1	1	1666
6110	6337	1	1	1667
6110	6338	1	1	1667
6110	nothing	0	0	0
6108	6321	1	1	1667
6108	6322	1	1	1666
6108	6323	1	1	1667
6108	6324	1	1	1666
6108	6325	1	1	1667
6108	6326	1	1	1667
6108	nothing	0	0	0
6109	6327	1	1	1667
6109	6328	1	1	1666
6109	6329	1	1	1667
6109	6330	1	1	1666
6109	6331	1	1	1667
6109	6332	1	1	1667
6109	nothing	0	0	0
9807	266	10	20	1180
9807	246	10	20	1180
9807	262	10	20	1180
9807	254	10	20	1180
9807	258	10	20	1180
9807	464	2	8	1180
9807	472	2	8	1180
9807	1170	2	8	1180
9807	486	10	50	560
9807	nothing	0	0	0
10374	10300	1	1	10
10374	10325	1	1	50
10374	7568	1	1	12
10374	7578	1	1	12
10374	7588	1	1	12
10374	7598	1	1	12
10374	7608	1	1	13
10374	7618	1	1	13
10374	7628	1	1	13
10374	7638	1	1	13
10374	10331	1	1	150
10374	6184	10	10	200
10374	6185	10	10	200
10374	6186	10	10	200
10374	6187	10	10	200
10374	6188	10	10	200
10374	1846	7777	7777	149
10374	10332	1	1	344
10374	6184	5	5	313
10374	6185	5	5	313
10374	6186	5	5	313
10374	6187	5	5	313
10374	6188	5	5	313
10374	842	5	5	313
10374	10334	1	1	1155
10374	10333	1	1	1002
10374	1846	777	777	1002
10374	10335	1	1	1002
10374	10336	1	1	1002
10374	842	1	1	1156
10374	nothing	0	0	0
10375	10339	1	1	30
10375	12118	1	1	30
10375	10337	1	1	300
10375	11580	1	1	220
10375	11581	1	1	220
10375	11582	1	1	220
10375	11082	999	999	200
10375	11789	3	3	190
10375	11790	3	3	190
10375	11791	3	3	190
10375	11792	3	3	190
10375	11793	3	3	190
10375	11794	3	3	190
10375	11795	3	3	190
10375	11796	3	3	190
10375	11797	3	3	190
10375	11798	3	3	190
10375	11799	3	3	190
10375	6184	5	5	350
10375	6185	5	5	350
10375	6186	5	5	350
10375	6187	5	5	350
10375	6188	5	5	350
10375	1846	7777	7777	540
10375	11081	999	999	600
10375	11085	999	999	600
10375	11084	999	999	600
10375	246	4	4	520
10375	254	4	4	520
10375	258	4	4	520
10375	262	4	4	520
10375	266	4	4	520
10375	nothing	0	0	0
10376	10340	1	1	30
10376	12118	1	1	30
10376	10338	1	1	300
10376	11580	1	1	220
10376	11581	1	1	220
10376	11582	1	1	220
10376	11082	999	999	200
10376	11789	3	3	190
10376	11790	3	3	190
10376	11791	3	3	190
10376	11792	3	3	190
10376	11793	3	3	190
10376	11794	3	3	190
10376	11795	3	3	190
10376	11796	3	3	190
10376	11797	3	3	190
10376	11798	3	3	190
10376	11799	3	3	190
10376	6184	5	5	350
10376	6185	5	5	350
10376	6186	5	5	350
10376	6187	5	5	350
10376	6188	5	5	350
10376	1846	7777	7777	540
10376	11081	999	999	600
10376	11085	999	999	600
10376	11084	999	999	600
10376	246	4	4	520
10376	254	4	4	520
10376	258	4	4	520
10376	262	4	4	520
10376	266	4	4	520
10376	nothing	0	0	0
10377	10343	1	1	30
10377	12118	1	1	30
10377	10341	1	1	300
10377	11583	1	1	220
10377	11584	1	1	220
10377	11585	1	1	220
10377	11082	999	999	200
10377	11789	3	3	190
10377	11790	3	3	190
10377	11791	3	3	190
10377	11792	3	3	190
10377	11793	3	3	190
10377	11794	3	3	190
10377	11795	3	3	190
10377	11796	3	3	190
10377	11797	3	3	190
10377	11798	3	3	190
10377	11799	3	3	190
10377	6184	5	5	350
10377	6185	5	5	350
10377	6186	5	5	350
10377	6187	5	5	350
10377	6188	5	5	350
10377	1846	7777	7777	540
10377	11081	999	999	600
10377	11085	999	999	600
10377	11084	999	999	600
10377	246	4	4	520
10377	254	4	4	520
10377	258	4	4	520
10377	262	4	4	520
10377	266	4	4	520
10377	nothing	0	0	0
10378	10344	1	1	30
10378	12118	1	1	30
10378	10342	1	1	300
10378	11583	1	1	220
10378	11584	1	1	220
10378	11585	1	1	220
10378	11082	999	999	200
10378	11789	3	3	190
10378	11790	3	3	190
10378	11791	3	3	190
10378	11792	3	3	190
10378	11793	3	3	190
10378	11794	3	3	190
10378	11795	3	3	190
10378	11796	3	3	190
10378	11797	3	3	190
10378	11798	3	3	190
10378	11799	3	3	190
10378	6184	5	5	350
10378	6185	5	5	350
10378	6186	5	5	350
10378	6187	5	5	350
10378	6188	5	5	350
10378	1846	7777	7777	540
10378	11081	999	999	600
10378	11085	999	999	600
10378	11084	999	999	600
10378	246	4	4	520
10378	254	4	4	520
10378	258	4	4	520
10378	262	4	4	520
10378	266	4	4	520
10378	nothing	0	0	0
10379	10347	1	1	30
10379	12118	1	1	30
10379	10345	1	1	300
10379	11586	1	1	220
10379	11587	1	1	220
10379	11588	1	1	220
10379	11082	999	999	200
10379	11789	3	3	190
10379	11790	3	3	190
10379	11791	3	3	190
10379	11792	3	3	190
10379	11793	3	3	190
10379	11794	3	3	190
10379	11795	3	3	190
10379	11796	3	3	190
10379	11797	3	3	190
10379	11798	3	3	190
10379	11799	3	3	190
10379	6184	5	5	350
10379	6185	5	5	350
10379	6186	5	5	350
10379	6187	5	5	350
10379	6188	5	5	350
10379	1846	7777	7777	540
10379	11081	999	999	600
10379	11085	999	999	600
10379	11084	999	999	600
10379	246	4	4	520
10379	254	4	4	520
10379	258	4	4	520
10379	262	4	4	520
10379	266	4	4	520
10379	nothing	0	0	0
10380	10348	1	1	30
10380	12118	1	1	30
10380	10346	1	1	300
10380	11586	1	1	220
10380	11587	1	1	220
10380	11588	1	1	220
10380	11082	999	999	200
10380	11789	3	3	190
10380	11790	3	3	190
10380	11791	3	3	190
10380	11792	3	3	190
10380	11793	3	3	190
10380	11794	3	3	190
10380	11795	3	3	190
10380	11796	3	3	190
10380	11797	3	3	190
10380	11798	3	3	190
10380	11799	3	3	190
10380	6184	5	5	350
10380	6185	5	5	350
10380	6186	5	5	350
10380	6187	5	5	350
10380	6188	5	5	350
10380	1846	7777	7777	540
10380	11081	999	999	600
10380	11085	999	999	600
10380	11084	999	999	600
10380	246	4	4	520
10380	254	4	4	520
10380	258	4	4	520
10380	262	4	4	520
10380	266	4	4	520
10380	nothing	0	0	0
4582	13289	1	1	1200
4582	1008	3	5	1200
4582	1009	3	5	1200
4582	7082	1	1	1200
4582	1173	3	5	1200
4582	1892	3	5	1200
4582	1862	3	5	1200
4582	486	5	15	1200
4582	3909	1	1	300
4582	3947	1	1	100
4582	nothing	0	0	0
12109	12110	1	1	4000
12109	12111	1	1	3500
12109	12112	1	1	1400
12109	12113	1	1	700
12109	12114	1	1	300
12109	12115	1	1	100
12109	nothing	0	0	0
9141	9040	1	1	4000
9141	9041	1	1	3500
9141	9042	1	1	1400
9141	9043	1	1	700
9141	9044	1	1	300
9141	9045	1	1	100
9141	nothing	0	0	0
9142	9048	1	1	4000
9142	9049	1	1	3500
9142	9050	1	1	1400
9142	9051	1	1	700
9142	9052	1	1	300
9142	9053	1	1	100
9142	nothing	0	0	0
9056	9069	1	1	159
9056	9070	1	1	159
9056	9071	1	1	159
9056	9072	1	1	159
9056	9073	1	1	159
9056	9074	1	1	159
9056	9075	1	1	164
9056	9076	1	1	165
9056	9077	1	1	167
9056	9078	1	1	168
9056	9079	1	1	169
9056	9080	1	1	170
9056	9081	1	1	171
9056	9082	1	1	172
9056	9083	1	1	173
9056	9084	1	1	174
9056	9085	1	1	175
9056	9086	1	1	176
9056	9087	1	1	177
9056	9088	1	1	178
9056	9089	1	1	179
9056	9090	1	1	180
9056	9091	1	1	181
9056	9092	1	1	182
9056	9093	1	1	183
9056	9094	1	1	184
9056	9095	1	1	185
9056	9096	1	1	186
9056	9097	1	1	187
9056	9098	1	1	188
9056	9099	1	1	189
9056	9100	1	1	190
9056	9101	1	1	191
9056	9102	1	1	192
9056	9103	1	1	193
9056	9104	1	1	194
9056	9105	1	1	195
9056	9106	1	1	196
9056	9107	1	1	197
9056	9108	1	1	198
9056	9109	1	1	199
9056	9110	1	1	200
9056	9111	1	1	201
9056	9112	1	1	202
9056	9113	1	1	203
9056	9114	1	1	204
9056	9115	1	1	205
9056	9116	1	1	206
9056	9117	1	1	207
9056	9118	1	1	208
9056	9119	1	1	209
9056	9120	1	1	210
9056	9121	1	1	211
9056	9122	1	1	212
9056	nothing	0	0	0
9060	9123	1	1	5000
9060	9132	1	1	5000
9060	nothing	0	0	0
9061	9124	1	1	5000
9061	9133	1	1	5000
9061	nothing	0	0	0
9062	9125	1	1	5000
9062	9134	1	1	5000
9062	nothing	0	0	0
9063	9126	1	1	5000
9063	9135	1	1	5000
9063	nothing	0	0	0
9064	9127	1	1	5000
9064	9136	1	1	5000
9064	nothing	0	0	0
9065	9128	1	1	5000
9065	9137	1	1	5000
9065	nothing	0	0	0
9066	9129	1	1	5000
9066	9138	1	1	5000
9066	nothing	0	0	0
9067	9130	1	1	5000
9067	9139	1	1	5000
9067	nothing	0	0	0
9068	9131	1	1	5000
9068	9140	1	1	5000
9068	nothing	0	0	0
12285	7501	3	4	1200
12285	7502	3	4	1200
12285	7503	3	4	1200
12285	7504	3	4	1200
12285	7505	3	4	1200
12285	7506	3	4	1200
12285	12285	1	1	1000
12285	12286	1	1	900
12285	12287	1	1	900
12285	nothing	0	0	0
12286	7507	2	3	950
12286	7508	2	3	950
12286	7509	2	3	950
12286	7510	2	3	950
12286	7511	2	3	950
12286	7512	2	3	950
12286	7513	2	3	950
12286	7514	2	3	950
12286	12285	1	1	750
12286	12286	1	1	900
12286	12287	1	1	750
12286	nothing	0	0	0
12287	7515	1	2	750
12287	7516	1	2	750
12287	7517	1	2	750
12287	7518	1	2	750
12287	7519	1	2	750
12287	7520	1	2	750
12287	7521	1	2	750
12287	7522	1	2	750
12287	7523	1	2	750
12287	7524	1	2	750
12287	12285	1	1	800
12287	12286	1	1	800
12287	12287	1	1	900
12287	nothing	0	0	0
3617	4800	10	10	1100
3617	4801	10	10	1100
3617	4773	99	99	1100
3617	1050	20	20	1100
3617	486	12	12	1100
3617	4774	99	99	900
3617	468	3	3	900
3617	599	3	3	900
3617	595	3	3	900
3617	464	2	2	300
3617	12285	1	1	300
3617	12286	1	1	300
3617	nothing	0	0	0
3616	2118	6	6	620
3616	472	3	3	620
3616	841	3	3	620
3616	481	3	3	620
3616	2119	6	6	620
3616	2116	6	6	620
3616	1974	6	6	620
3616	1975	10	10	620
3616	1036	10	10	620
3616	2117	6	6	500
3616	1977	10	10	500
3616	589	3	3	500
3616	1976	10	10	500
3616	475	3	3	500
3616	601	3	3	500
3616	592	3	3	500
3616	12285	1	1	310
3616	12286	1	1	310
3616	12287	1	1	300
3616	nothing	0	0	0
9755	12287	1	1	200
9755	12286	1	1	400
9755	12285	1	1	600
9755	11482	1	1	100
9755	11481	1	1	600
9755	11479	1	1	600
9755	6156	2	2	700
9755	6157	2	2	700
9755	6389	99	99	1200
9755	9001	1	1	1000
9755	6158	2	2	700
9755	6182	10	10	1200
9755	6360	5	5	2000
9755	nothing	0	0	0
11077	12286	1	1	1000
11077	12285	1	1	1000
11077	1839	1	3	1000
11077	1847	1	3	1000
11077	608	1	3	1000
11077	611	1	3	1000
11077	1829	1	3	1000
11077	1126	10	50	1500
11077	486	5	20	1500
11077	nothing	0	0	0
11078	12287	1	1	500
11078	12286	1	1	1000
11078	1170	1	3	1000
11078	1173	1	3	1000
11078	607	1	3	1000
11078	610	1	3	1000
11078	464	1	3	1000
11078	1127	10	50	1750
11078	486	10	40	1750
11078	nothing	0	0	0
11254	12286	1	1	1000
11254	12285	1	1	1000
11254	1891	1	3	1000
11254	605	1	3	1000
11254	1881	1	3	1000
11254	1829	1	3	1000
11254	1866	1	3	1000
11254	1126	10	50	1500
11254	486	5	20	1500
11254	nothing	0	0	0
11255	12287	1	1	500
11255	12286	1	1	1000
11255	1892	1	3	1000
11255	604	1	3	1000
11255	1882	1	3	1000
11255	464	1	3	1000
11255	1867	1	3	1000
11255	1127	10	50	1750
11255	486	10	40	1750
11255	nothing	0	0	0
10372	10300	1	1	30
10372	12118	1	1	30
10372	13454	1	1	200
10372	11082	999	999	250
10372	11085	999	999	250
10372	11811	3	3	200
10372	11810	3	3	200
10372	11800	3	3	200
10372	11801	3	3	200
10372	11802	3	3	200
10372	11803	3	3	200
10372	11804	3	3	200
10372	11805	3	3	200
10372	11806	3	3	200
10372	11807	3	3	200
10372	11808	3	3	200
10372	11809	3	3	200
10372	6184	5	5	290
10372	6185	5	5	290
10372	6186	5	5	290
10372	6187	5	5	290
10372	6188	5	5	290
10372	1846	7777	7777	280
10372	10305	1	1	220
10372	10315	1	1	220
10372	10325	1	1	220
10372	7486	1	1	450
10372	7489	1	1	450
10372	11081	999	999	500
10372	11084	999	999	500
10372	246	4	4	510
10372	254	4	4	510
10372	258	4	4	510
10372	262	4	4	510
10372	266	4	4	510
10372	nothing	0	0	0
10373	10300	1	1	30
10373	12118	1	1	30
10373	13454	1	1	200
10373	11082	999	999	250
10373	11085	999	999	250
10373	11789	3	3	200
10373	11790	3	3	200
10373	11791	3	3	200
10373	11792	3	3	200
10373	11793	3	3	200
10373	11794	3	3	200
10373	11795	3	3	200
10373	11796	3	3	200
10373	11797	3	3	200
10373	11798	3	3	200
10373	11799	3	3	200
10373	6184	5	5	290
10373	6185	5	5	290
10373	6186	5	5	290
10373	6187	5	5	290
10373	6188	5	5	290
10373	1846	7777	7777	280
10373	10305	1	1	220
10373	10315	1	1	220
10373	10325	1	1	220
10373	7486	1	1	470
10373	7489	1	1	470
10373	11081	999	999	530
10373	11084	999	999	530
10373	246	4	4	530
10373	254	4	4	530
10373	258	4	4	530
10373	262	4	4	530
10373	266	4	4	530
10373	nothing	0	0	0
11261	2118	6	6	620
11261	472	3	3	620
11261	841	3	3	620
11261	481	3	3	620
11261	2119	6	6	620
11261	2116	6	6	620
11261	1974	6	6	620
11261	1975	10	10	620
11261	1036	10	10	620
11261	2117	6	6	500
11261	1977	10	10	500
11261	589	3	3	500
11261	1976	10	10	500
11261	475	3	3	500
11261	601	3	3	500
11261	592	3	3	500
11261	12285	1	1	310
11261	12286	1	1	310
11261	12287	1	1	300
11261	nothing	0	0	0
40010	3956	1	1	145
40010	3951	1	1	145
40010	3953	1	1	145
40010	3954	1	1	145
40010	3955	1	1	145
40010	3922	1	1	145
40010	3917	1	1	145
40010	3919	1	1	145
40010	3920	1	1	145
40010	3921	1	1	145
40010	3986	1	1	145
40010	3981	1	1	145
40010	3983	1	1	145
40010	3984	1	1	145
40010	3985	1	1	145
40010	4547	1	1	145
40010	4522	1	1	145
40010	4524	1	1	145
40010	4525	1	1	145
40010	4526	1	1	145
40010	4487	1	1	145
40010	4462	1	1	145
40010	4464	1	1	145
40010	4465	1	1	145
40010	4466	1	1	145
40010	4517	1	1	145
40010	4492	1	1	145
40010	4494	1	1	145
40010	4495	1	1	145
40010	4496	1	1	145
40010	5755	1	1	145
40010	5739	1	1	145
40010	5740	1	1	145
40010	5741	1	1	145
40010	5742	1	1	145
40010	4428	1	1	145
40010	4099	1	1	145
40010	4405	1	1	145
40010	4406	1	1	145
40010	4407	1	1	145
40010	4458	1	1	145
40010	4433	1	1	145
40010	4435	1	1	145
40010	4436	1	1	145
40010	4437	1	1	145
40010	8628	1	1	145
40010	8623	1	1	145
40010	8625	1	1	145
40010	8626	1	1	145
40010	8627	1	1	135
40010	3962	1	1	35
40010	3957	1	1	35
40010	3959	1	1	35
40010	3960	1	1	35
40010	3961	1	1	35
40010	3928	1	1	35
40010	3923	1	1	35
40010	3925	1	1	35
40010	3926	1	1	35
40010	3927	1	1	35
40010	3992	1	1	35
40010	3987	1	1	35
40010	3989	1	1	35
40010	3990	1	1	35
40010	3991	1	1	35
40010	4548	1	1	35
40010	4527	1	1	35
40010	4529	1	1	35
40010	4530	1	1	35
40010	4531	1	1	35
40010	4488	1	1	35
40010	4467	1	1	35
40010	4469	1	1	35
40010	4470	1	1	35
40010	4471	1	1	35
40010	4518	1	1	35
40010	4497	1	1	35
40010	4499	1	1	35
40010	4500	1	1	35
40010	4501	1	1	35
40010	5756	1	1	35
40010	5743	1	1	35
40010	5744	1	1	35
40010	5745	1	1	35
40010	5746	1	1	35
40010	4429	1	1	35
40010	4408	1	1	35
40010	4410	1	1	35
40010	4411	1	1	35
40010	4412	1	1	35
40010	4459	1	1	35
40010	4775	1	1	35
40010	4440	1	1	35
40010	4441	1	1	35
40010	4442	1	1	35
40010	8634	1	1	35
40010	8629	1	1	35
40010	8631	1	1	35
40010	8632	1	1	35
40010	8633	1	1	35
40010	8685	1	1	35
40010	8686	1	1	35
40010	8687	1	1	35
40010	8688	1	1	35
40010	8689	1	1	35
40010	8695	1	1	35
40010	8696	1	1	35
40010	8697	1	1	35
40010	8698	1	1	35
40010	8699	1	1	35
40010	3968	1	1	11
40010	3963	1	1	11
40010	3965	1	1	11
40010	3966	1	1	11
40010	3967	1	1	11
40010	3934	1	1	11
40010	3929	1	1	11
40010	3931	1	1	11
40010	3932	1	1	11
40010	3933	1	1	11
40010	3998	1	1	11
40010	3993	1	1	11
40010	3995	1	1	11
40010	3996	1	1	11
40010	3997	1	1	11
40010	4549	1	1	11
40010	4532	1	1	11
40010	4534	1	1	11
40010	4535	1	1	11
40010	4536	1	1	11
40010	4489	1	1	11
40010	4472	1	1	11
40010	4474	1	1	11
40010	4475	1	1	11
40010	4476	1	1	11
40010	4519	1	1	11
40010	4502	1	1	11
40010	4504	1	1	11
40010	4505	1	1	11
40010	4506	1	1	11
40010	5757	1	1	11
40010	5747	1	1	11
40010	5748	1	1	11
40010	5749	1	1	11
40010	5750	1	1	11
40010	4430	1	1	11
40010	4413	1	1	11
40010	4415	1	1	11
40010	4416	1	1	11
40010	4417	1	1	11
40010	4460	1	1	11
40010	4443	1	1	11
40010	4445	1	1	11
40010	4446	1	1	11
40010	4447	1	1	11
40010	8640	1	1	11
40010	8635	1	1	11
40010	8637	1	1	11
40010	8638	1	1	11
40010	8639	1	1	11
40010	8690	1	1	11
40010	8691	1	1	11
40010	8692	1	1	11
40010	8693	1	1	11
40010	8694	1	1	11
40010	8700	1	1	11
40010	8701	1	1	11
40010	8702	1	1	11
40010	8703	1	1	11
40010	8704	1	1	11
40010	nothing	0	0	0
40015	5005	1	1	50
40015	5006	1	1	50
40015	5007	1	1	50
40015	5008	1	1	50
40015	5009	1	1	50
40015	5010	1	1	50
40015	5011	1	1	50
40015	5012	1	1	50
40015	5013	1	1	50
40015	5014	1	1	50
40015	5015	1	1	50
40015	5016	1	1	50
40015	5017	1	1	50
40015	5018	1	1	40
40015	5019	1	1	40
40015	5020	1	1	40
40015	5021	1	1	40
40015	5022	1	1	40
40015	5023	1	1	50
40015	5024	1	1	50
40015	5026	1	1	50
40015	nothing	0	0	0
40016	463	6	9	170
40016	1829	3	5	130
40016	464	2	3	80
40016	466	6	9	170
40016	467	3	5	130
40016	468	2	3	80
40016	588	6	9	170
40016	1831	3	5	130
40016	589	2	3	80
40016	591	6	9	170
40016	1849	3	5	130
40016	592	2	3	80
40016	594	6	9	170
40016	1837	3	5	130
40016	595	2	3	80
40016	597	6	9	170
40016	598	3	5	130
40016	599	2	3	80
40016	465	6	9	170
40016	469	3	5	130
40016	470	2	3	70
40016	471	6	9	170
40016	1841	3	5	130
40016	472	2	3	70
40016	474	6	9	170
40016	1843	3	5	130
40016	475	2	3	80
40016	480	6	9	170
40016	1833	3	5	130
40016	481	2	3	80
40016	600	6	9	170
40016	1853	3	5	130
40016	601	2	3	70
40016	840	6	9	170
40016	1851	3	5	130
40016	841	2	3	80
40016	1169	6	9	170
40016	1839	3	5	130
40016	1170	2	3	70
40016	1172	6	9	170
40016	1847	3	5	130
40016	1173	2	3	80
40016	603	6	9	170
40016	605	3	5	130
40016	604	2	3	80
40016	606	6	9	170
40016	608	3	5	130
40016	607	2	3	80
40016	609	6	9	170
40016	611	3	5	130
40016	610	2	3	80
40016	613	6	9	170
40016	1835	3	5	130
40016	614	2	3	80
40016	616	6	9	170
40016	1845	3	5	130
40016	617	2	3	80
40016	7501	3	6	180
40016	7502	3	6	180
40016	7503	3	6	180
40016	7504	3	6	180
40016	7505	3	6	180
40016	7506	3	6	180
40016	7507	2	4	130
40016	7508	2	4	130
40016	7509	2	4	130
40016	7510	2	4	130
40016	7511	2	4	130
40016	7512	2	4	130
40016	7513	2	4	130
40016	7514	2	4	130
40016	7515	1	3	70
40016	7516	1	3	70
40016	7517	1	3	70
40016	7518	1	3	70
40016	7519	1	3	70
40016	7520	1	3	70
40016	7521	1	3	70
40016	7522	1	3	70
40016	7523	1	3	70
40016	7524	1	3	70
40016	nothing	0	0	0
40022	40026	1	1	120
40022	6392	1	1	600
40022	40025	1	1	800
40022	40024	1	1	1300
40022	40027	1	1	2330
40022	40028	99	99	2330
40022	40029	5	5	2520
40022	nothing	0	0	0
40023	9756	1	1	4988
40023	9757	1	1	2500
40023	9758	1	1	1000
40023	9759	1	1	700
40023	9760	1	1	500
40023	9761	1	1	200
40023	9762	1	1	100
40023	9763	1	1	10
40023	9764	1	1	1
40023	9765	1	1	1
40023	nothing	0	0	0
40024	7501	3	4	1200
40024	7502	3	4	1200
40024	7503	3	4	1200
40024	7504	3	4	1200
40024	7505	3	4	1200
40024	7506	3	4	1200
40024	12285	1	1	1000
40024	12286	1	1	900
40024	12287	1	1	900
40024	nothing	0	0	0
40025	7507	2	3	950
40025	7508	2	3	950
40025	7509	2	3	950
40025	7510	2	3	950
40025	7511	2	3	950
40025	7512	2	3	950
40025	7513	2	3	950
40025	7514	2	3	950
40025	12285	1	1	750
40025	12286	1	1	900
40025	12287	1	1	750
40025	nothing	0	0	0
40026	7515	1	2	750
40026	7516	1	2	750
40026	7517	1	2	750
40026	7518	1	2	750
40026	7519	1	2	750
40026	7520	1	2	750
40026	7521	1	2	750
40026	7522	1	2	750
40026	7523	1	2	750
40026	7524	1	2	750
40026	12285	1	1	800
40026	12286	1	1	800
40026	12287	1	1	900
40026	nothing	0	0	0
